
14972
(21,8,23,33,29,14), (24,10,31,2,1,6), (32,12,19,22,25,16), (15,30,11,36,9,26), (34,13,5,3,20,27), (35,4,7,17,18,28)
15494
(21,8,23,33,30,14), (24,10,31,2,1,6), (32,12,19,22,25,16), (15,29,11,36,9,26), (34,13,5,3,20,27), (35,4,7,17,18,28)
15905
(21,8,23,33,30,14), (24,10,31,2,1,6), (32,12,19,17,25,16), (15,29,11,36,9,26), (34,13,5,3,20,27), (35,4,7,22,18,28)
16265
(21,8,23,33,30,14), (24,10,31,2,1,6), (32,12,19,17,25,16), (15,29,11,4,9,26), (34,13,5,3,20,27), (35,36,7,22,18,28)
16457
(21,8,23,33,30,14), (24,10,31,2,17,6), (32,12,19,1,25,16), (15,29,11,4,9,26), (34,13,5,3,20,27), (35,36,7,22,18,28)
16619
(21,8,12,33,30,14), (24,10,31,2,17,6), (32,23,19,1,25,16), (15,29,11,4,9,26), (34,13,5,3,20,27), (35,36,7,22,18,28)
16774
(21,8,12,33,30,14), (24,10,31,2,17,6), (32,23,19,1,25,16), (15,29,11,4,9,26), (34,13,5,3,27,20), (35,36,7,22,18,28)
16880
(21,8,12,33,30,14), (24,10,31,2,17,15), (32,23,19,1,25,16), (6,29,11,4,9,26), (34,13,5,3,27,20), (35,36,7,22,18,28)
16940
(21,8,12,33,30,14), (24,10,31,2,17,15), (32,11,19,1,25,16), (6,29,23,4,9,26), (34,13,5,3,27,20), (35,36,7,22,18,28)
16997
(21,8,12,33,14,30), (24,10,31,2,17,15), (32,11,19,1,25,16), (6,29,23,4,9,26), (34,13,5,3,27,20), (35,36,7,22,18,28)
17069
(21,8,12,33,14,30), (24,10,31,2,17,15), (32,11,19,1,29,16), (6,25,23,4,9,26), (34,13,5,3,27,20), (35,36,7,22,18,28)
17129
(21,8,32,33,14,30), (24,10,31,2,17,15), (12,11,19,1,29,16), (6,25,23,4,9,26), (34,13,5,3,27,20), (35,36,7,22,18,28)
17173
(21,10,32,33,14,30), (24,8,31,2,17,15), (12,11,19,1,29,16), (6,25,23,4,9,26), (34,13,5,3,27,20), (35,36,7,22,18,28)
17217
(21,10,32,33,14,30), (24,8,31,2,17,15), (12,11,19,1,29,16), (6,13,23,4,9,26), (34,25,5,3,27,20), (35,36,7,22,18,28)
17248
(21,10,32,33,14,30), (24,8,4,2,17,15), (12,11,19,1,29,16), (6,13,23,31,9,26), (34,25,5,3,27,20), (35,36,7,22,18,28)
17268
(21,10,32,33,14,30), (24,8,4,2,17,15), (12,11,19,1,29,16), (6,13,23,31,9,26), (34,25,5,3,27,20), (36,35,7,22,18,28)
17300
(21,10,32,33,14,30), (24,8,4,2,17,15), (12,11,19,1,29,16), (6,13,23,31,9,26), (35,25,5,3,27,20), (36,34,7,22,18,28)
17312
(21,10,32,33,14,30), (24,8,4,2,17,15), (12,13,19,1,29,16), (6,11,23,31,9,26), (35,25,5,3,27,20), (36,34,7,22,18,28)
17316
(21,10,32,33,14,30), (24,8,4,2,17,15), (12,13,19,1,29,16), (6,11,23,31,9,26), (35,25,7,3,27,20), (36,34,5,22,18,28)
17318
(24,10,32,33,14,30), (21,8,4,2,17,15), (12,13,19,1,29,16), (6,11,23,31,9,26), (35,25,7,3,27,20), (36,34,5,22,18,28)
17342
(24,10,32,33,14,30), (21,8,4,2,17,15), (12,13,19,1,7,16), (6,11,23,31,9,26), (35,25,29,3,27,20), (36,34,5,22,18,28)
17358
(24,10,32,14,33,30), (21,8,4,2,17,15), (12,13,19,1,7,16), (6,11,23,31,9,26), (35,25,29,3,27,20), (36,34,5,22,18,28)
17367
(24,10,32,14,33,30), (21,8,29,2,17,15), (12,13,19,1,7,16), (6,11,23,31,9,26), (35,25,4,3,27,20), (36,34,5,22,18,28)
17369
(24,10,32,14,33,30), (21,8,29,2,17,15), (6,13,19,1,7,16), (12,11,23,31,9,26), (35,25,4,3,27,20), (36,34,5,22,18,28)
14181
(33,3,18,2,16,12), (28,22,30,25,26,24), (6,34,20,1,29,10), (21,9,32,36,35,4), (31,23,17,8,7,27), (13,15,5,11,19,14)
14805
(33,3,18,2,16,12), (28,22,30,25,26,24), (6,34,20,1,29,10), (21,9,32,19,35,4), (31,23,17,8,7,27), (13,15,5,11,36,14)
15365
(33,3,18,2,16,12), (28,22,30,25,26,24), (6,34,31,1,29,10), (21,9,32,19,35,4), (20,23,17,8,7,27), (13,15,5,11,36,14)
15725
(33,3,18,2,16,12), (28,22,13,25,26,24), (6,34,31,1,29,10), (21,9,32,19,35,4), (20,23,17,8,7,27), (30,15,5,11,36,14)
16118
(33,3,18,2,35,12), (28,22,13,25,26,24), (6,34,31,1,29,10), (21,9,32,19,16,4), (20,23,17,8,7,27), (30,15,5,11,36,14)
16366
(33,3,18,2,35,12), (28,22,13,25,5,24), (6,34,31,1,29,10), (21,9,32,19,16,4), (20,23,17,8,7,27), (30,15,26,11,36,14)
16566
(33,3,18,2,35,12), (28,4,13,25,5,24), (6,34,31,1,29,10), (21,9,32,19,16,22), (20,23,17,8,7,27), (30,15,26,11,36,14)
16758
(33,3,18,34,35,12), (28,4,13,25,5,24), (6,2,31,1,29,10), (21,9,32,19,16,22), (20,23,17,8,7,27), (30,15,26,11,36,14)
16904
(33,3,18,34,35,12), (28,4,13,25,5,24), (6,2,31,1,29,10), (14,9,32,19,16,22), (20,23,17,8,7,27), (30,15,26,11,36,21)
17038
(33,3,18,34,35,12), (28,4,13,25,5,24), (6,2,31,1,29,10), (14,9,23,19,16,22), (20,32,17,8,7,27), (30,15,26,11,36,21)
17104
(33,3,18,34,35,12), (28,4,13,25,5,24), (27,2,31,1,29,10), (14,9,23,19,16,22), (20,32,17,8,7,6), (30,15,26,11,36,21)
17152
(33,16,18,34,35,12), (28,4,13,25,5,24), (27,2,31,1,29,10), (14,9,23,19,3,22), (20,32,17,8,7,6), (30,15,26,11,36,21)
17204
(33,16,18,34,35,12), (28,4,13,25,5,24), (27,2,31,1,29,10), (14,9,23,19,3,22), (20,32,17,8,7,6), (30,15,26,11,21,36)
17246
(33,16,18,34,35,24), (28,4,13,25,5,12), (27,2,31,1,29,10), (14,9,23,19,3,22), (20,32,17,8,7,6), (30,15,26,11,21,36)
17277
(33,16,18,34,35,24), (28,3,13,25,5,12), (27,2,31,1,29,10), (14,9,23,19,4,22), (20,32,17,8,7,6), (30,15,26,11,21,36)