
Starting
25969357
(187,185,146,142,257,300,31,49,32,74,51,133,200,183,177,351,3,46,34), (284,256,151,67,147,184,282,15,137,129,313,126,106,159,311,36,328,358,117), (107,115,314,294,72,130,33,85,160,182,23,84,227,302,110,99,307,157,309), (128,264,220,45,197,131,59,306,158,253,203,208,91,62,303,251,346,199,162), (39,266,171,93,27,83,320,186,145,90,308,149,263,40,310,291,232,35,118), (193,319,267,167,352,336,196,261,238,240,344,155,272,96,246,82,170,356,221), (57,190,361,332,87,305,340,68,37,178,81,260,244,127,17,226,206,209,16), (234,163,132,271,174,355,12,77,69,295,349,108,338,347,214,224,216,322,342), (330,60,331,104,335,48,354,24,250,95,274,55,191,289,42,26,20,52,288), (286,150,154,134,140,5,76,111,8,283,121,225,41,265,164,241,341,202,114), (165,299,293,136,9,73,189,337,7,120,66,318,176,218,112,326,29,181,94), (14,278,119,233,228,207,109,201,28,259,258,58,281,141,316,65,248,44,135), (215,359,75,194,323,210,125,78,198,168,219,70,262,50,89,139,292,61,100), (276,47,4,222,179,243,231,80,270,98,86,10,353,153,143,172,360,205,169), (1,236,92,325,103,204,229,152,268,235,11,97,13,71,280,180,2,269,239), (223,19,345,324,249,287,79,38,54,192,329,173,211,88,290,161,122,53,212), (175,43,254,113,245,138,188,242,350,321,105,327,255,315,116,30,217,357,64), (195,333,298,124,317,296,22,312,301,56,277,339,343,304,166,101,144,279,148), (275,348,102,6,237,156,230,297,285,334,213,252,273,63,18,25,21,123,247)
26282101
(187,185,146,142,257,300,31,49,32,74,51,133,200,183,177,351,3,46,210), (284,256,151,67,147,184,282,15,137,129,313,126,106,159,311,36,328,358,117), (107,115,314,294,72,130,33,85,160,182,23,84,227,302,110,99,307,157,309), (128,264,220,45,197,131,59,306,158,253,203,208,91,62,303,251,346,199,162), (39,266,171,93,27,83,320,186,145,90,308,149,263,40,310,291,232,35,118), (193,319,267,167,352,336,196,261,238,240,344,155,272,96,246,82,170,356,221), (57,190,361,332,87,305,340,68,37,178,81,260,244,127,17,226,206,209,16), (234,163,132,271,174,355,12,77,69,295,349,108,338,347,214,224,216,322,342), (330,60,331,104,335,48,354,24,250,95,274,55,191,289,42,26,20,52,288), (286,150,154,134,140,5,76,111,8,283,121,225,41,265,164,241,341,202,114), (165,299,293,136,9,73,189,337,7,120,66,318,176,218,112,326,29,181,94), (14,278,119,233,228,207,109,201,28,259,258,58,281,141,316,65,248,44,135), (215,359,75,194,323,34,125,78,198,168,219,70,262,50,89,139,292,61,100), (276,47,4,222,179,243,231,80,270,98,86,10,353,153,143,172,360,205,169), (1,236,92,325,103,204,229,152,268,235,11,97,13,71,280,180,2,269,239), (223,19,345,324,249,287,79,38,54,192,329,173,211,88,290,161,122,53,212), (175,43,254,113,245,138,188,242,350,321,105,327,255,315,116,30,217,357,64), (195,333,298,124,317,296,22,312,301,56,277,339,343,304,166,101,144,279,148), (275,348,102,6,237,156,230,297,285,334,213,252,273,63,18,25,21,123,247)
26579137
(240,185,146,142,257,300,31,49,32,74,51,133,200,183,177,351,3,46,210), (284,256,151,67,147,184,282,15,137,129,313,126,106,159,311,36,328,358,117), (107,115,314,294,72,130,33,85,160,182,23,84,227,302,110,99,307,157,309), (128,264,220,45,197,131,59,306,158,253,203,208,91,62,303,251,346,199,162), (39,266,171,93,27,83,320,186,145,90,308,149,263,40,310,291,232,35,118), (193,319,267,167,352,336,196,261,238,187,344,155,272,96,246,82,170,356,221), (57,190,361,332,87,305,340,68,37,178,81,260,244,127,17,226,206,209,16), (234,163,132,271,174,355,12,77,69,295,349,108,338,347,214,224,216,322,342), (330,60,331,104,335,48,354,24,250,95,274,55,191,289,42,26,20,52,288), (286,150,154,134,140,5,76,111,8,283,121,225,41,265,164,241,341,202,114), (165,299,293,136,9,73,189,337,7,120,66,318,176,218,112,326,29,181,94), (14,278,119,233,228,207,109,201,28,259,258,58,281,141,316,65,248,44,135), (215,359,75,194,323,34,125,78,198,168,219,70,262,50,89,139,292,61,100), (276,47,4,222,179,243,231,80,270,98,86,10,353,153,143,172,360,205,169), (1,236,92,325,103,204,229,152,268,235,11,97,13,71,280,180,2,269,239), (223,19,345,324,249,287,79,38,54,192,329,173,211,88,290,161,122,53,212), (175,43,254,113,245,138,188,242,350,321,105,327,255,315,116,30,217,357,64), (195,333,298,124,317,296,22,312,301,56,277,339,343,304,166,101,144,279,148), (275,348,102,6,237,156,230,297,285,334,213,252,273,63,18,25,21,123,247)
26860465
(240,185,146,142,257,300,31,49,32,74,51,133,200,183,177,351,3,46,210), (284,256,151,67,147,184,282,15,137,129,313,126,106,159,311,36,328,358,117), (107,115,314,294,72,130,33,85,160,182,23,84,227,302,110,99,307,157,309), (128,264,220,45,197,131,59,306,158,253,203,208,91,62,303,251,346,199,162), (39,266,171,93,27,83,320,186,145,90,308,149,263,40,310,291,232,35,118), (193,319,267,167,352,336,196,261,238,187,344,155,272,96,246,82,170,356,221), (57,190,361,332,87,305,340,68,37,178,81,260,244,127,17,226,206,209,16), (234,163,132,271,174,355,12,77,69,295,349,108,338,347,214,224,216,322,342), (330,60,331,104,335,48,354,24,250,95,274,55,191,289,42,26,20,52,288), (286,150,154,134,140,5,76,111,8,283,121,225,41,265,164,241,341,202,114), (165,299,293,136,9,73,189,337,7,123,66,318,176,218,112,326,29,181,94), (14,278,119,233,228,207,109,201,28,259,258,58,281,141,316,65,248,44,135), (215,359,75,194,323,34,125,78,198,168,219,70,262,50,89,139,292,61,100), (276,47,4,222,179,243,231,80,270,98,86,10,353,153,143,172,360,205,169), (1,236,92,325,103,204,229,152,268,235,11,97,13,71,280,180,2,269,239), (223,19,345,324,249,287,79,38,54,192,329,173,211,88,290,161,122,53,212), (175,43,254,113,245,138,188,242,350,321,105,327,255,315,116,30,217,357,64), (195,333,298,124,317,296,22,312,301,56,277,339,343,304,166,101,144,279,148), (275,348,102,6,237,156,230,297,285,334,213,252,273,63,18,25,21,120,247)
27142738
(240,185,146,142,257,300,31,49,32,74,51,133,200,183,177,351,3,46,210), (284,256,151,67,147,184,282,15,137,129,313,126,106,159,311,36,328,358,117), (107,115,314,294,72,130,33,85,160,182,23,84,227,302,110,99,307,157,309), (128,264,220,45,197,131,59,306,158,253,203,208,91,62,303,251,346,199,162), (39,266,171,93,27,83,320,186,145,90,308,149,263,40,310,291,232,35,118), (193,319,267,167,352,336,196,261,238,187,344,155,272,96,246,82,170,356,221), (57,190,361,332,87,305,340,68,37,178,81,260,244,127,17,226,206,209,16), (234,163,132,271,174,355,12,77,69,295,349,108,338,347,214,224,216,322,342), (330,60,331,104,335,48,354,24,250,95,274,55,191,289,42,26,20,52,288), (286,150,154,134,140,5,76,111,8,283,121,225,41,265,164,241,341,202,114), (165,299,293,136,9,73,189,337,7,123,66,318,176,218,112,326,29,181,94), (14,278,119,233,228,207,109,201,28,259,258,58,281,141,316,65,248,44,135), (215,359,75,194,323,34,125,78,198,168,219,70,262,50,89,139,292,61,100), (276,47,4,222,179,243,231,80,270,98,86,10,353,153,143,172,275,205,169), (1,236,92,325,103,204,229,152,268,235,11,97,13,71,280,180,2,269,239), (223,19,345,324,249,287,79,38,54,192,329,173,211,88,290,161,122,53,212), (175,43,254,113,245,138,188,242,350,321,105,327,255,315,116,30,217,357,64), (195,333,298,124,317,296,22,312,301,56,277,339,343,304,166,101,144,279,148), (360,348,102,6,237,156,230,297,285,334,213,252,273,63,18,25,21,120,247)