
1050
(14,2,13,3), (15,10,12,4), (9,5,8,6), (16,1,11,7)
1102
(14,2,13,12), (15,10,3,4), (9,5,8,6), (16,1,11,7)
1155
(14,2,13,12), (15,11,3,4), (9,5,8,6), (16,1,10,7)
1195
(14,2,5,12), (15,11,3,4), (9,13,8,6), (16,1,10,7)
1223
(14,2,5,12), (15,11,3,4), (9,13,1,6), (16,8,10,7)
1235
(14,2,5,12), (16,11,3,4), (9,13,1,6), (15,8,10,7)
1243
(14,2,5,12), (16,11,3,10), (9,13,1,6), (15,8,4,7)
1247
(14,3,5,12), (16,11,2,10), (9,13,1,6), (15,8,4,7)
1251
(14,3,5,12), (16,11,13,10), (9,2,1,6), (15,8,4,7)
1253
(15,4,2,12), (16,13,11,7), (9,5,1,6), (14,8,3,10)
1255
(15,16,9,14), (8,2,13,5), (3,1,11,6), (10,7,4,12)
1256
(10,7,6,12), (8,1,13,5), (3,11,4,9), (15,16,2,14)
1257
(10,7,6,12), (8,1,13,5), (3,4,11,9), (15,16,2,14)
1130
(15,11,9,4), (16,1,14,8), (13,5,3,2), (6,12,7,10)
1190
(15,14,9,4), (16,1,11,8), (13,5,3,2), (6,12,7,10)
1206
(15,14,9,4), (16,1,11,8), (5,13,3,2), (6,12,7,10)
1221
(4,14,9,15), (16,1,11,8), (5,13,3,2), (6,12,7,10)
1239
(14,4,9,15), (16,1,11,8), (5,13,3,2), (6,12,7,10)
1247
(14,4,9,15), (16,1,11,8), (5,13,3,2), (12,6,7,10)
1251
(14,16,9,15), (4,1,11,8), (5,13,3,2), (12,6,7,10)
1252
(14,9,16,15), (4,1,11,8), (5,13,3,2), (12,6,7,10)
1255
(14,9,16,15), (4,1,11,8), (5,13,2,3), (12,6,7,10)
1256
(14,9,16,15), (4,1,2,8), (5,13,11,3), (12,6,7,10)
1257
(15,8,4,14), (9,2,11,3), (16,13,1,5), (10,7,6,12)
1080
(15,6,3,10), (16,11,13,2), (5,8,9,12), (4,7,1,14)
1172
(7,6,3,10), (16,11,13,2), (5,8,9,12), (4,15,1,14)
1192
(7,6,3,10), (16,11,13,2), (5,8,1,12), (4,15,9,14)
1211
(7,6,3,10), (16,11,13,2), (5,8,1,12), (15,4,9,14)
1224
(7,6,3,10), (16,11,13,2), (8,5,1,12), (15,4,9,14)
1228
(6,7,3,10), (16,11,13,2), (8,5,1,12), (15,4,9,14)
1231
(6,7,3,10), (16,11,13,12), (8,5,1,2), (15,4,9,14)
1235
(6,7,3,10), (16,11,13,12), (4,5,1,2), (15,8,9,14)
1237
(6,7,12,10), (16,11,13,3), (4,5,1,2), (15,8,9,14)
1240
(15,8,6,7), (4,11,13,2), (16,1,9,5), (14,3,10,12)
1244
(15,8,7,6), (4,11,13,2), (16,1,9,5), (14,3,10,12)
1248
(15,8,7,6), (4,9,13,2), (16,1,11,5), (14,3,10,12)
1251
(15,8,7,6), (9,4,13,2), (16,1,11,5), (14,3,10,12)
1253
(15,8,2,6), (9,4,13,7), (16,1,11,5), (14,3,10,12)
1255
(12,5,3,14), (6,2,1,4), (7,13,11,16), (10,8,9,15)
1257
(12,5,3,14), (6,11,1,4), (7,13,2,16), (10,8,9,15)
1112
(3,7,1,6), (12,15,4,8), (5,13,2,11), (16,14,9,10)
1160
(15,7,1,6), (12,3,4,8), (5,13,2,11), (16,14,9,10)
1192
(15,7,1,6), (12,11,4,8), (5,13,2,3), (16,14,9,10)
1212
(15,7,2,6), (12,11,4,8), (5,13,1,3), (16,14,9,10)
1228
(15,7,2,6), (16,11,4,8), (5,13,1,3), (12,14,9,10)
1240
(6,7,2,15), (16,11,4,8), (5,13,1,3), (12,14,9,10)
1248
(6,7,2,15), (16,11,4,8), (5,13,1,3), (12,10,9,14)
1252
(6,16,2,15), (7,11,4,8), (5,13,1,3), (12,10,9,14)
1253
(6,16,2,15), (7,11,1,8), (5,13,4,3), (12,10,9,14)
1255
(15,8,9,10), (16,2,11,7), (3,13,1,6), (14,5,4,12)
1256
(15,8,9,10), (16,2,11,7), (3,13,1,6), (14,4,5,12)
1257
(14,3,5,12), (8,13,1,6), (2,4,11,7), (15,9,16,10)
Starting
1072
(4,5,6,1), (11,7,8,16), (14,9,10,12), (15,13,3,2)
1152
(4,5,6,1), (11,7,8,16), (14,9,10,12), (15,13,3,2)
1180
(16,5,3,1), (11,14,4,9), (13,15,6,8), (2,10,7,12)
1202
(16,3,9,12), (13,8,11,15), (2,4,5,14), (7,1,6,10)
1205
(5,8,4,14), (12,10,6,3), (2,16,11,13), (7,1,9,15)
1221
(12,14,16,5), (3,8,10,1), (15,2,7,4), (11,6,13,9)
1229
(2,4,7,13), (10,5,1,3), (15,12,11,9), (6,8,16,14)
1263
(6,2,15,14), (11,1,7,13), (9,10,3,5), (4,16,8,12)
1271
(12,3,2,14), (5,7,10,16), (6,1,9,11), (8,4,15,13)
1298
(10,8,6,14), (11,5,2,15), (3,7,1,13), (12,4,9,16)
1331
(6,16,10,9), (14,1,3,5), (7,11,13,8), (15,2,4,12)
1356
(15,2,4,6), (7,3,16,11), (8,13,1,14), (12,5,9,10)
1379
(5,4,14,6), (16,1,13,15), (9,11,3,2), (12,7,10,8)
Starting
977
(1,7,14,15), (9,5,3,2), (11,16,10,8), (13,4,12,6)
1124
(1,7,14,15), (9,5,3,2), (11,16,10,8), (13,4,12,6)
1212
(15,9,10,13), (14,1,12,11), (5,3,7,6), (4,2,16,8)
1222
(8,7,1,16), (15,3,12,11), (13,2,9,5), (14,6,10,4)
1224
(14,8,9,12), (6,7,2,16), (4,3,5,13), (15,1,11,10)
1242
(8,13,15,5), (16,11,2,10), (7,9,1,3), (6,4,14,12)
1282
(8,6,7,12), (9,15,13,3), (4,2,14,11), (10,5,1,16)
1289
(2,6,5,7), (16,13,1,3), (10,11,9,4), (14,12,8,15)
1291
(7,2,13,8), (3,11,1,14), (5,15,9,6), (16,12,4,10)
1309
(12,10,3,4), (11,14,13,8), (5,7,9,15), (16,2,1,6)
1340
(12,9,16,7), (5,3,13,4), (14,1,11,6), (8,10,2,15)
1345
(12,2,7,3), (10,11,13,15), (5,9,8,6), (16,14,1,4)
1350
(14,2,15,8), (9,11,13,4), (12,3,1,10), (16,5,7,6)
1353
(12,14,3,10), (5,13,1,9), (2,11,4,8), (15,16,7,6)
1360
(13,15,14,16), (11,12,2,5), (3,1,9,4), (8,10,7,6)
1361
(6,14,9,8), (15,13,1,5), (4,3,11,10), (2,7,16,12)
Starting
1137
(2,5,8,7), (3,12,10,11), (9,15,13,1), (4,14,16,6)
1217
(12,5,8,7), (3,2,10,11), (9,15,13,1), (4,14,16,6)
1273
(12,5,8,7), (3,2,10,11), (9,1,13,15), (4,14,16,6)
1305
(12,5,8,7), (3,2,4,11), (9,1,13,15), (10,14,16,6)
1336
(12,5,8,7), (3,2,11,4), (9,1,13,15), (10,14,16,6)
1351
(12,5,8,14), (3,2,11,4), (9,1,13,15), (10,7,16,6)
1362
(12,5,3,14), (8,2,11,4), (9,1,13,15), (10,7,16,6)
1370
(12,5,3,14), (8,2,11,4), (9,1,13,15), (10,7,6,16)
1376
(8,10,14,12), (2,13,11,9), (15,1,3,5), (6,4,7,16)
1384
(8,5,14,12), (2,13,11,9), (15,1,3,10), (6,4,7,16)
1389
(8,14,5,12), (2,13,11,9), (15,1,3,10), (6,4,7,16)
1390
(15,6,14,16), (4,1,2,5), (3,11,13,9), (8,7,10,12)
1392
(15,6,14,16), (4,1,11,5), (3,2,13,9), (8,7,10,12)