173
(3,4,2), (9,7,1), (8,5,6)179
(3,2,4), (9,7,1), (8,5,6)180
(2,3,4), (9,7,1), (8,5,6)
160
(8,9,2), (1,7,5), (4,3,6)
164
(8,9,2), (3,7,5), (4,1,6)
151
(4,5,8), (9,7,3), (2,6,1)
160
(4,5,8), (9,7,3), (2,1,6)
164
(4,3,8), (9,7,5), (2,1,6)
Starting
165
(9,7,3), (5,2,4), (8,1,6)
174
(9,7,3), (5,2,4), (8,1,6)
175
(6,7,9), (5,4,2), (8,1,3)
179
(8,5,6), (9,7,1), (3,4,2)
180
(6,9,2), (7,5,3), (8,1,4)
Starting
136
(9,1,7), (3,4,2), (5,6,8)
154
(9,1,7), (3,4,2), (5,6,8)
169
(1,8,6), (5,9,7), (3,4,2)
170
(9,6,4), (7,3,5), (2,8,1)
174
(3,4,6), (2,1,7), (8,5,9)
175
(6,7,8), (5,4,1), (9,2,3)
179
(6,3,8), (4,5,1), (7,2,9)
180
(8,2,9), (1,7,3), (6,5,4)