
1183768
(123,141,98,9,46,14,2,43,142,127,135,90), (21,92,60,40,128,102,115,143,47,49,22,16), (28,76,132,63,36,20,122,18,15,31,96,118), (105,17,19,131,136,73,3,72,113,97,144,65), (117,61,99,39,89,38,129,13,24,111,10,80), (86,87,110,104,6,100,121,83,116,32,70,27), (64,62,69,23,34,81,134,12,82,120,79,109), (78,52,54,8,75,25,95,35,67,130,93,26), (45,77,133,59,48,138,1,137,139,4,119,41), (101,37,53,88,126,58,44,68,112,106,51,91), (107,125,140,85,55,103,33,114,124,30,42,11), (74,71,56,29,50,5,7,108,57,84,66,94)
1200558
(123,141,98,9,46,14,2,43,142,127,135,90), (21,92,60,40,128,102,115,143,47,49,22,16), (28,76,132,63,36,20,122,18,15,31,96,118), (105,17,19,131,136,73,3,72,113,97,144,65), (117,61,99,39,89,38,129,13,24,111,10,80), (86,87,110,104,6,100,121,83,116,32,70,27), (64,62,69,23,34,81,134,12,82,107,79,109), (78,52,54,8,75,25,95,35,67,130,93,26), (45,77,133,59,48,138,1,137,139,4,119,41), (101,37,53,88,126,58,44,68,112,106,51,91), (120,125,140,85,55,103,33,114,124,30,42,11), (74,71,56,29,50,5,7,108,57,84,66,94)
1212723
(123,141,98,9,46,14,2,43,142,72,135,90), (21,92,60,40,128,102,115,143,47,49,22,16), (28,76,132,63,36,20,122,18,15,31,96,118), (105,17,19,131,136,73,3,127,113,97,144,65), (117,61,99,39,89,38,129,13,24,111,10,80), (86,87,110,104,6,100,121,83,116,32,70,27), (64,62,69,23,34,81,134,12,82,107,79,109), (78,52,54,8,75,25,95,35,67,130,93,26), (45,77,133,59,48,138,1,137,139,4,119,41), (101,37,53,88,126,58,44,68,112,106,51,91), (120,125,140,85,55,103,33,114,124,30,42,11), (74,71,56,29,50,5,7,108,57,84,66,94)
1224796
(123,141,98,9,46,14,2,43,142,72,135,90), (21,92,60,40,128,102,115,143,47,49,22,16), (28,76,132,63,36,20,122,18,15,31,96,118), (105,17,19,131,136,73,3,127,113,97,144,65), (117,61,99,39,89,38,129,13,24,111,10,80), (86,87,110,101,6,100,121,83,116,32,70,27), (64,62,69,23,34,81,134,12,82,107,79,109), (78,52,54,8,75,25,95,35,67,130,93,26), (45,77,133,59,48,138,1,137,139,4,119,41), (104,37,53,88,126,58,44,68,112,106,51,91), (120,125,140,85,55,103,33,114,124,30,42,11), (74,71,56,29,50,5,7,108,57,84,66,94)
1236680
(123,141,98,9,46,14,2,43,142,72,135,90), (21,92,60,40,128,102,115,143,47,49,22,16), (28,76,132,63,36,20,122,18,15,31,96,118), (105,17,19,131,136,73,3,127,113,97,144,65), (117,61,99,39,89,38,129,13,24,111,10,80), (86,87,110,101,6,100,121,83,116,32,70,27), (64,62,69,23,34,81,134,12,82,107,79,109), (78,52,54,8,75,25,95,35,67,130,93,26), (45,77,133,59,48,11,1,137,139,4,119,41), (104,37,53,88,126,58,44,68,112,106,51,91), (120,125,140,85,55,103,33,114,124,30,42,138), (74,71,56,29,50,5,7,108,57,84,66,94)
1247484
(123,141,98,9,46,14,2,43,142,72,135,90), (21,92,60,40,128,102,115,143,47,49,22,16), (28,76,132,63,36,20,122,18,15,31,96,118), (105,17,19,131,136,73,3,127,113,97,144,65), (117,61,99,39,89,38,129,13,24,111,10,80), (86,87,110,101,6,100,121,83,116,32,70,27), (64,62,69,23,34,81,134,12,82,107,79,109), (78,52,54,8,75,25,95,35,67,130,93,26), (45,77,133,59,48,11,1,137,139,4,119,41), (104,37,53,88,74,58,44,68,112,106,51,91), (120,125,140,85,55,103,33,114,124,30,42,138), (126,71,56,29,50,5,7,108,57,84,66,94)
1255434
(123,141,98,9,46,14,2,43,142,72,135,90), (21,92,60,40,128,102,115,143,47,49,22,16), (28,76,132,63,36,20,122,18,15,31,96,118), (105,17,19,131,136,73,3,127,113,97,144,65), (117,61,99,39,89,38,109,13,24,111,10,80), (86,87,110,101,6,100,121,83,116,32,70,27), (64,62,69,23,34,81,134,12,82,107,79,129), (78,52,54,8,75,25,95,35,67,130,93,26), (45,77,133,59,48,11,1,137,139,4,119,41), (104,37,53,88,74,58,44,68,112,106,51,91), (120,125,140,85,55,103,33,114,124,30,42,138), (126,71,56,29,50,5,7,108,57,84,66,94)
1262957
(123,141,98,9,46,14,2,43,142,72,135,90), (21,92,60,40,128,102,115,143,47,49,22,110), (28,76,132,63,36,20,122,18,15,31,96,118), (105,17,19,131,136,73,3,127,113,97,144,65), (117,61,99,39,89,38,109,13,24,111,10,80), (86,87,16,101,6,100,121,83,116,32,70,27), (64,62,69,23,34,81,134,12,82,107,79,129), (78,52,54,8,75,25,95,35,67,130,93,26), (45,77,133,59,48,11,1,137,139,4,119,41), (104,37,53,88,74,58,44,68,112,106,51,91), (120,125,140,85,55,103,33,114,124,30,42,138), (126,71,56,29,50,5,7,108,57,84,66,94)
1270553
(123,141,98,9,46,14,2,43,142,72,135,90), (21,92,60,40,128,102,115,143,47,49,22,110), (28,76,132,63,36,20,122,18,15,31,96,118), (105,17,19,131,136,73,3,127,113,97,144,65), (117,61,99,39,89,38,109,13,24,111,10,80), (86,87,16,101,6,29,121,83,116,32,70,27), (64,62,69,23,34,81,134,12,82,107,79,129), (78,52,54,8,75,25,95,35,67,130,93,26), (45,77,133,59,48,11,1,137,139,4,119,41), (104,37,53,88,74,58,44,68,112,106,51,91), (120,125,140,85,55,103,33,114,124,30,42,138), (126,71,56,100,50,5,7,108,57,84,66,94)
1277389
(132,141,98,9,46,14,2,43,142,72,135,90), (21,92,60,40,128,102,115,143,47,49,22,110), (28,76,123,63,36,20,122,18,15,31,96,118), (105,17,19,131,136,73,3,127,113,97,144,65), (117,61,99,39,89,38,109,13,24,111,10,80), (86,87,16,101,6,29,121,83,116,32,70,27), (64,62,69,23,34,81,134,12,82,107,79,129), (78,52,54,8,75,25,95,35,67,130,93,26), (45,77,133,59,48,11,1,137,139,4,119,41), (104,37,53,88,74,58,44,68,112,106,51,91), (120,125,140,85,55,103,33,114,124,30,42,138), (126,71,56,100,50,5,7,108,57,84,66,94)
1284029
(132,141,98,136,46,14,2,43,142,72,135,90), (21,92,60,40,128,102,115,143,47,49,22,110), (28,76,123,63,36,20,122,18,15,31,96,118), (105,17,19,131,9,73,3,127,113,97,144,65), (117,61,99,39,89,38,109,13,24,111,10,80), (86,87,16,101,6,29,121,83,116,32,70,27), (64,62,69,23,34,81,134,12,82,107,79,129), (78,52,54,8,75,25,95,35,67,130,93,26), (45,77,133,59,48,11,1,137,139,4,119,41), (104,37,53,88,74,58,44,68,112,106,51,91), (120,125,140,85,55,103,33,114,124,30,42,138), (126,71,56,100,50,5,7,108,57,84,66,94)
1290539
(132,141,98,136,46,14,2,43,142,72,135,90), (21,92,60,40,128,102,115,143,47,49,22,110), (28,76,123,63,36,20,122,18,15,31,96,118), (105,17,19,131,9,73,3,127,113,97,144,65), (117,61,99,39,89,38,109,13,24,111,10,80), (86,87,16,101,6,29,121,83,116,32,70,27), (64,62,69,23,34,81,134,12,82,107,79,129), (78,52,54,8,75,25,95,35,67,130,93,26), (45,77,133,59,41,11,1,137,139,4,119,48), (104,37,53,88,74,58,44,68,112,106,51,91), (120,125,140,85,55,103,33,114,124,30,42,138), (126,71,56,100,50,5,7,108,57,84,66,94)
1296423
(132,141,98,136,46,14,2,95,142,72,135,90), (21,92,60,40,128,102,115,143,47,49,22,110), (28,76,123,63,36,20,122,18,15,31,96,118), (105,17,19,131,9,73,3,127,113,97,144,65), (117,61,99,39,89,38,109,13,24,111,10,80), (86,87,16,101,6,29,121,83,116,32,70,27), (64,62,69,23,34,81,134,12,82,107,79,129), (78,52,54,8,75,25,43,35,67,130,93,26), (45,77,133,59,41,11,1,137,139,4,119,48), (104,37,53,88,74,58,44,68,112,106,51,91), (120,125,140,85,55,103,33,114,124,30,42,138), (126,71,56,100,50,5,7,108,57,84,66,94)
1301803
(132,141,98,136,46,14,2,95,142,72,135,90), (21,92,60,40,128,102,115,143,47,49,22,110), (28,76,123,63,36,20,122,18,15,31,96,118), (105,17,19,131,9,73,3,127,113,97,144,65), (117,61,99,39,89,38,109,13,24,111,10,80), (86,87,16,101,6,29,121,83,116,32,70,27), (64,62,69,23,34,81,134,12,82,107,79,129), (78,52,54,8,75,25,43,35,67,130,93,26), (45,77,133,59,41,11,1,137,139,4,119,48), (104,37,53,71,74,58,44,68,112,106,51,91), (120,125,140,85,55,103,33,114,124,30,42,138), (126,88,56,100,50,5,7,108,57,84,66,94)
1306754
(132,141,98,136,46,14,2,95,142,72,135,90), (21,92,60,40,128,102,115,143,47,49,22,110), (28,76,123,63,36,20,122,18,15,31,96,118), (105,17,19,131,9,73,3,127,113,97,144,65), (117,61,99,39,89,38,109,13,24,111,10,80), (86,87,16,101,6,29,121,83,116,32,70,27), (64,62,69,23,34,81,134,12,82,107,79,129), (78,52,54,8,75,25,43,35,67,130,93,26), (45,77,133,59,41,11,1,137,139,4,119,48), (104,37,53,71,74,58,44,68,94,106,51,91), (120,125,140,85,55,103,33,114,124,30,42,138), (126,88,56,100,50,5,7,108,57,84,66,112)
1312658
(132,140,98,136,46,14,2,95,142,72,135,90), (21,92,60,40,128,102,115,143,47,49,22,110), (28,76,123,63,36,20,122,18,15,31,96,118), (105,17,19,131,9,73,3,127,113,97,144,65), (117,61,99,39,89,38,109,13,24,111,10,80), (86,87,16,101,6,29,121,83,116,32,70,27), (64,62,69,23,34,81,134,12,82,107,79,129), (78,52,54,8,75,25,43,35,67,130,93,26), (45,77,133,59,41,11,1,137,139,4,119,48), (104,37,53,71,74,58,44,68,94,106,51,91), (120,125,141,85,55,103,33,114,124,30,42,138), (126,88,56,100,50,5,7,108,57,84,66,112)
1317755
(132,140,98,136,46,14,2,95,142,72,135,90), (21,92,60,40,128,102,115,143,47,49,22,110), (28,76,123,63,36,20,122,18,15,31,96,118), (105,17,19,131,9,73,3,127,113,97,144,65), (117,61,99,39,89,38,109,13,24,111,10,80), (86,87,16,101,6,29,121,83,116,32,70,27), (64,62,69,23,34,81,134,12,82,107,79,129), (78,52,54,8,75,25,43,35,67,125,93,26), (45,77,133,59,41,11,1,137,139,4,119,48), (104,37,53,71,74,58,44,68,94,106,51,91), (120,130,141,85,55,103,33,114,124,30,42,138), (126,88,56,100,50,5,7,108,57,84,66,112)
1322362
(132,140,98,136,46,14,2,95,142,72,135,90), (21,92,60,40,128,102,106,143,47,49,22,110), (28,76,123,63,36,20,122,18,15,31,96,118), (105,17,19,131,9,73,3,127,113,97,144,65), (117,61,99,39,89,38,109,13,24,111,10,80), (86,87,16,101,6,29,121,83,116,32,70,27), (64,62,69,23,34,81,134,12,82,107,79,129), (78,52,54,8,75,25,43,35,67,125,93,26), (45,77,133,59,41,11,1,137,139,4,119,48), (104,37,53,71,74,58,44,68,94,115,51,91), (120,130,141,85,55,103,33,114,124,30,42,138), (126,88,56,100,50,5,7,108,57,84,66,112)
1327054
(132,140,98,136,46,14,35,95,142,72,135,90), (21,92,60,40,128,102,106,143,47,49,22,110), (28,76,123,63,36,20,122,18,15,31,96,118), (105,17,19,131,9,73,3,127,113,97,144,65), (117,61,99,39,89,38,109,13,24,111,10,80), (86,87,16,101,6,29,121,83,116,32,70,27), (64,62,69,23,34,81,134,12,82,107,79,129), (78,52,54,8,75,25,43,2,67,125,93,26), (45,77,133,59,41,11,1,137,139,4,119,48), (104,37,53,71,74,58,44,68,94,115,51,91), (120,130,141,85,55,103,33,114,124,30,42,138), (126,88,56,100,50,5,7,108,57,84,66,112)
1331356
(132,140,98,136,46,14,35,95,142,72,135,90), (21,92,60,40,128,102,106,143,47,49,22,110), (28,76,123,63,36,20,122,18,15,31,96,118), (105,17,19,131,9,73,3,127,113,97,144,65), (117,61,99,39,89,38,109,13,24,111,10,80), (86,87,16,101,6,29,121,83,116,32,70,27), (64,62,69,23,34,81,134,12,82,107,79,129), (78,52,54,8,37,25,43,2,67,125,93,26), (45,77,133,59,41,11,1,137,139,4,119,48), (104,75,53,71,74,58,44,68,94,115,51,91), (120,130,141,85,55,103,33,114,124,30,42,138), (126,88,56,100,50,5,7,108,57,84,66,112)
1335635
(132,140,98,136,46,14,35,95,142,72,135,90), (21,92,60,40,128,102,106,143,47,49,22,110), (28,76,123,63,36,20,122,18,15,31,96,118), (105,17,19,131,9,73,3,127,113,97,144,65), (117,134,99,39,89,38,109,13,24,111,10,80), (86,87,16,101,6,29,121,83,116,32,70,27), (64,62,69,23,34,81,61,12,82,107,79,129), (78,52,54,8,37,25,43,2,67,125,93,26), (45,77,133,59,41,11,1,137,139,4,119,48), (104,75,53,71,74,58,44,68,94,115,51,91), (120,130,141,85,55,103,33,114,124,30,42,138), (126,88,56,100,50,5,7,108,57,84,66,112)
1339844
(132,140,98,136,46,14,35,95,142,72,135,90), (21,92,60,40,128,102,106,143,47,49,22,110), (28,76,123,63,36,20,122,18,15,31,96,118), (105,17,19,131,9,73,3,127,113,97,144,65), (117,134,99,39,89,79,109,13,24,111,10,80), (86,87,16,101,6,29,121,83,116,32,70,27), (64,62,69,23,34,81,61,12,82,107,38,129), (78,52,54,8,37,25,43,2,67,125,93,26), (45,77,133,59,41,11,1,137,139,4,119,48), (104,75,53,71,74,58,44,68,94,115,51,91), (120,130,141,85,55,103,33,114,124,30,42,138), (126,88,56,100,50,5,7,108,57,84,66,112)
1343864
(132,140,98,136,46,14,35,95,142,72,135,90), (102,92,60,40,128,21,106,143,47,49,22,110), (28,76,123,63,36,20,122,18,15,31,96,118), (105,17,19,131,9,73,3,127,113,97,144,65), (117,134,99,39,89,79,109,13,24,111,10,80), (86,87,16,101,6,29,121,83,116,32,70,27), (64,62,69,23,34,81,61,12,82,107,38,129), (78,52,54,8,37,25,43,2,67,125,93,26), (45,77,133,59,41,11,1,137,139,4,119,48), (104,75,53,71,74,58,44,68,94,115,51,91), (120,130,141,85,55,103,33,114,124,30,42,138), (126,88,56,100,50,5,7,108,57,84,66,112)
1347688
(132,140,98,136,46,14,35,95,142,72,135,90), (102,92,60,40,128,21,106,143,47,49,22,110), (28,76,123,63,36,20,122,18,15,31,96,118), (105,17,19,131,9,73,3,127,113,97,144,65), (117,134,99,39,89,79,109,13,24,111,10,80), (86,87,16,101,6,29,121,83,116,32,70,27), (64,62,69,23,34,103,61,12,82,107,38,129), (78,52,54,8,37,25,43,2,67,125,93,26), (45,77,133,59,41,11,1,137,139,4,119,48), (104,75,53,71,74,58,44,68,94,115,51,91), (120,130,141,85,55,81,33,114,124,30,42,138), (126,88,56,100,50,5,7,108,57,84,66,112)
1351494
(132,140,98,136,46,14,35,95,142,72,135,90), (102,92,60,40,128,21,106,143,47,49,22,110), (28,76,123,63,36,20,122,18,15,31,96,144), (105,17,19,131,9,73,3,127,113,97,118,65), (117,134,99,39,89,79,109,13,24,111,10,80), (86,87,16,101,6,29,121,83,116,32,70,27), (64,62,69,23,34,103,61,12,82,107,38,129), (78,52,54,8,37,25,43,2,67,125,93,26), (45,77,133,59,41,11,1,137,139,4,119,48), (104,75,53,71,74,58,44,68,94,115,51,91), (120,130,141,85,55,81,33,114,124,30,42,138), (126,88,56,100,50,5,7,108,57,84,66,112)
1355178
(132,140,98,136,46,14,35,95,142,72,135,90), (102,92,60,40,128,21,106,143,47,49,22,110), (28,76,123,63,36,20,122,18,15,31,96,144), (105,17,19,131,9,73,3,127,113,34,118,65), (117,134,99,39,89,79,109,13,24,111,10,80), (86,87,16,101,6,29,121,83,116,32,70,27), (64,62,69,23,97,103,61,12,82,107,38,129), (78,52,54,8,37,25,43,2,67,125,93,26), (45,77,133,59,41,11,1,137,139,4,119,48), (104,75,53,71,74,58,44,68,94,115,51,91), (120,130,141,85,55,81,33,114,124,30,42,138), (126,88,56,100,50,5,7,108,57,84,66,112)
1358400
(132,140,98,136,46,14,35,95,142,72,135,90), (102,92,60,40,128,21,106,143,47,24,22,110), (28,76,123,63,36,20,122,18,15,31,96,144), (105,17,19,131,9,73,3,127,113,34,118,65), (117,134,99,39,89,79,109,13,49,111,10,80), (86,87,16,101,6,29,121,83,116,32,70,27), (64,62,69,23,97,103,61,12,82,107,38,129), (78,52,54,8,37,25,43,2,67,125,93,26), (45,77,133,59,41,11,1,137,139,4,119,48), (104,75,53,71,74,58,44,68,94,115,51,91), (120,130,141,85,55,81,33,114,124,30,42,138), (126,88,56,100,50,5,7,108,57,84,66,112)
1361536
(132,140,70,136,46,14,35,95,142,72,135,90), (102,92,60,40,128,21,106,143,47,24,22,110), (28,76,123,63,36,20,122,18,15,31,96,144), (105,17,19,131,9,73,3,127,113,34,118,65), (117,134,99,39,89,79,109,13,49,111,10,80), (86,87,16,101,6,29,121,83,116,32,98,27), (64,62,69,23,97,103,61,12,82,107,38,129), (78,52,54,8,37,25,43,2,67,125,93,26), (45,77,133,59,41,11,1,137,139,4,119,48), (104,75,53,71,74,58,44,68,94,115,51,91), (120,130,141,85,55,81,33,114,124,30,42,138), (126,88,56,100,50,5,7,108,57,84,66,112)
1364312
(132,140,70,136,46,14,35,95,142,72,135,90), (102,92,60,40,128,21,106,143,47,24,22,110), (28,76,123,63,36,20,122,18,15,39,96,144), (105,17,19,131,9,73,3,127,113,34,118,65), (117,134,99,31,89,79,109,13,49,111,10,80), (86,87,16,101,6,29,121,83,116,32,98,27), (64,62,69,23,97,103,61,12,82,107,38,129), (78,52,54,8,37,25,43,2,67,125,93,26), (45,77,133,59,41,11,1,137,139,4,119,48), (104,75,53,71,74,58,44,68,94,115,51,91), (120,130,141,85,55,81,33,114,124,30,42,138), (126,88,56,100,50,5,7,108,57,84,66,112)
1366916
(132,140,70,136,46,14,35,95,142,72,135,90), (102,92,60,40,128,21,106,143,47,24,22,110), (28,76,123,63,36,20,122,18,15,39,96,144), (105,17,19,131,9,73,3,127,113,34,118,65), (117,134,99,31,89,79,109,13,49,111,10,80), (86,87,16,101,6,29,121,83,116,32,98,27), (64,62,69,23,97,103,61,7,82,107,38,129), (78,52,54,8,37,25,43,2,67,125,93,26), (45,77,133,59,41,11,1,137,139,4,119,48), (104,75,53,71,74,58,44,68,94,115,51,91), (120,130,141,85,55,81,33,114,124,30,42,138), (126,88,56,100,50,5,12,108,57,84,66,112)
1369340
(132,140,70,136,46,14,35,95,142,72,135,90), (102,92,60,40,128,21,106,143,47,24,22,110), (28,76,123,63,36,20,122,18,15,39,96,144), (105,17,19,131,9,73,3,127,113,34,118,65), (117,134,99,31,89,79,109,13,49,111,10,80), (86,87,16,101,6,29,121,83,27,32,98,116), (64,62,69,23,97,103,61,7,82,107,38,129), (78,52,54,8,37,25,43,2,67,125,93,26), (45,77,133,59,41,11,1,137,139,4,119,48), (104,75,53,71,74,58,44,68,94,115,51,91), (120,130,141,85,55,81,33,114,124,30,42,138), (126,88,56,100,50,5,12,108,57,84,66,112)
1371508
(132,140,70,136,46,14,35,95,142,72,135,90), (102,92,66,40,128,21,106,143,47,24,22,110), (28,76,123,63,36,20,122,18,15,39,96,144), (105,17,19,131,9,73,3,127,113,34,118,65), (117,134,99,31,89,79,109,13,49,111,10,80), (86,87,16,101,6,29,121,83,27,32,98,116), (64,62,69,23,97,103,61,7,82,107,38,129), (78,52,54,8,37,25,43,2,67,125,93,26), (45,77,133,59,41,11,1,137,139,4,119,48), (104,75,53,71,74,58,44,68,94,115,51,91), (120,130,141,85,55,81,33,114,124,30,42,138), (126,88,56,100,50,5,12,108,57,84,60,112)
1374584
(132,140,70,136,46,14,35,95,142,72,135,90), (102,92,66,40,128,21,106,143,47,24,22,110), (28,76,123,63,36,20,122,18,15,39,96,144), (105,17,19,131,9,73,3,127,113,34,118,65), (117,134,5,31,89,79,109,13,49,111,10,80), (86,87,16,101,6,29,121,83,27,32,98,116), (64,62,69,23,97,103,61,7,82,107,38,129), (78,52,54,8,37,25,43,2,67,125,93,26), (45,77,133,59,41,11,1,137,139,4,119,48), (104,75,53,71,74,58,44,68,94,115,51,91), (120,130,141,85,55,81,33,114,124,30,42,138), (126,88,56,100,50,99,12,108,57,84,60,112)
1376544
(132,140,70,136,46,14,35,95,142,72,135,90), (102,92,66,40,128,21,106,143,47,24,22,110), (28,76,123,63,36,20,122,18,15,39,96,144), (105,17,19,131,9,73,3,127,121,34,118,65), (117,134,5,31,89,79,109,13,49,111,10,80), (86,87,16,101,6,29,113,83,27,32,98,116), (64,62,69,23,97,103,61,7,82,107,38,129), (78,52,54,8,37,25,43,2,67,125,93,26), (45,77,133,59,41,11,1,137,139,4,119,48), (104,75,53,71,74,58,44,68,94,115,51,91), (120,130,141,85,55,81,33,114,124,30,42,138), (126,88,56,100,50,99,12,108,57,84,60,112)
1378464
(132,140,70,136,46,14,35,95,142,72,135,90), (102,92,66,40,128,21,106,143,47,24,44,110), (28,76,123,63,36,20,122,18,15,39,96,144), (105,17,19,131,9,73,3,127,121,34,118,65), (117,134,5,31,89,79,109,13,49,111,10,80), (86,87,16,101,6,29,113,83,27,32,98,116), (64,62,69,23,97,103,61,7,82,107,38,129), (78,52,54,8,37,25,43,2,67,125,93,26), (45,77,133,59,41,11,1,137,139,4,119,48), (104,75,53,71,74,58,22,68,94,115,51,91), (120,130,141,85,55,81,33,114,124,30,42,138), (126,88,56,100,50,99,12,108,57,84,60,112)
1380224
(132,140,70,136,46,14,35,95,142,72,135,90), (102,92,66,40,128,21,106,143,47,24,44,110), (42,76,123,63,36,20,122,18,15,39,96,144), (105,17,19,131,9,73,3,127,121,34,118,65), (117,134,5,31,89,79,109,13,49,111,10,80), (86,87,16,101,6,29,113,83,27,32,98,116), (64,62,69,23,97,103,61,7,82,107,38,129), (78,52,54,8,37,25,43,2,67,125,93,26), (45,77,133,59,41,11,1,137,139,4,119,48), (104,75,53,71,74,58,22,68,94,115,51,91), (120,130,141,85,55,81,33,114,124,30,28,138), (126,88,56,100,50,99,12,108,57,84,60,112)
1382180
(132,140,70,136,46,14,35,95,142,72,135,90), (102,92,66,40,128,21,106,143,47,24,44,110), (42,76,123,63,36,20,122,18,15,39,96,144), (105,68,19,131,9,73,3,127,121,34,118,65), (117,134,5,31,89,79,109,13,49,111,10,80), (86,87,16,101,6,29,113,83,27,32,98,116), (64,62,69,23,97,103,61,7,82,107,38,129), (78,52,54,8,37,25,43,2,67,125,93,26), (45,77,133,59,41,11,1,137,139,4,119,48), (104,75,53,71,74,58,22,17,94,115,51,91), (120,130,141,85,55,81,33,114,124,30,28,138), (126,88,56,100,50,99,12,108,57,84,60,112)
1383746
(132,140,70,136,46,14,35,95,142,72,135,90), (102,92,66,40,128,21,106,143,47,24,44,110), (42,76,123,63,36,20,122,18,15,39,96,144), (105,68,19,131,9,73,3,127,121,34,118,65), (117,134,5,31,89,79,109,13,49,111,10,80), (86,87,16,101,6,29,113,83,27,32,98,116), (64,62,69,23,97,103,61,7,82,107,38,129), (78,52,54,8,37,25,43,2,67,125,93,26), (45,77,133,59,41,11,1,137,139,4,119,48), (104,75,53,71,74,58,22,17,94,115,51,91), (120,130,141,85,55,81,33,57,124,30,28,138), (126,88,56,100,50,99,12,108,114,84,60,112)
1385266
(132,140,70,136,46,14,35,95,142,72,135,90), (102,92,66,40,128,21,106,143,47,24,44,110), (42,76,123,63,36,20,122,18,15,39,96,144), (105,68,19,131,9,73,3,127,121,34,118,65), (117,134,5,31,89,79,109,13,49,111,10,80), (86,87,16,101,6,29,113,83,27,32,98,116), (64,62,69,23,97,103,61,7,4,107,38,129), (78,52,54,8,37,25,43,2,67,125,93,26), (45,77,133,59,41,11,1,137,139,82,119,48), (104,75,53,71,74,58,22,17,94,115,51,91), (120,130,141,85,55,81,33,57,124,30,28,138), (126,88,56,100,50,99,12,108,114,84,60,112)
1386760
(132,140,70,136,46,14,35,95,142,72,135,90), (102,92,66,40,128,21,106,143,47,24,44,110), (42,76,123,63,36,20,122,18,15,39,96,144), (105,68,19,131,9,73,3,127,121,34,118,65), (117,134,5,31,89,79,109,13,49,111,10,80), (86,87,16,101,139,29,113,83,27,32,98,116), (64,62,69,23,97,103,61,7,4,107,38,129), (78,52,54,8,37,25,43,2,67,125,93,26), (45,77,133,59,41,11,1,137,6,82,119,48), (104,75,53,71,74,58,22,17,94,115,51,91), (120,130,141,85,55,81,33,57,124,30,28,138), (126,88,56,100,50,99,12,108,114,84,60,112)
1388104
(132,140,70,136,46,14,35,95,142,72,135,90), (102,92,66,40,128,21,106,143,47,24,44,110), (42,76,123,63,36,20,122,18,15,39,96,144), (105,68,19,29,9,73,3,127,121,34,118,65), (117,134,5,31,89,79,109,13,49,111,10,80), (86,87,16,101,139,131,113,83,27,32,98,116), (64,62,69,23,97,103,61,7,4,107,38,129), (78,52,54,8,37,25,43,2,67,125,93,26), (45,77,133,59,41,11,1,137,6,82,119,48), (104,75,53,71,74,58,22,17,94,115,51,91), (120,130,141,85,55,81,33,57,124,30,28,138), (126,88,56,100,50,99,12,108,114,84,60,112)
1389448
(132,140,70,136,46,14,35,95,142,72,135,90), (102,92,66,40,128,21,106,143,47,24,44,110), (42,76,123,63,36,20,122,18,15,39,96,144), (105,68,19,29,9,73,3,127,121,34,118,65), (117,134,5,31,89,79,109,13,49,111,10,80), (86,87,16,101,139,131,113,83,27,32,98,116), (64,62,69,23,97,103,61,107,4,7,38,129), (78,52,54,8,37,25,43,2,67,125,93,26), (45,77,133,59,41,11,1,137,6,82,119,48), (104,75,53,71,74,58,22,17,94,115,51,91), (120,130,141,85,55,81,33,57,124,30,28,138), (126,88,56,100,50,99,12,108,114,84,60,112)
1390708
(132,140,70,136,46,14,35,95,142,72,135,90), (102,92,66,40,128,21,106,143,47,24,44,110), (42,76,123,63,36,20,122,18,15,39,96,144), (105,68,19,29,9,73,3,127,121,34,118,65), (117,134,5,31,89,79,109,13,49,111,10,80), (86,87,16,101,139,131,113,83,27,32,98,116), (64,62,69,23,97,103,137,107,4,7,38,129), (78,52,54,8,37,25,43,2,67,125,93,26), (45,77,133,59,41,11,1,61,6,82,119,48), (104,75,53,71,74,58,22,17,94,115,51,91), (120,130,141,85,55,81,33,57,124,30,28,138), (126,88,56,100,50,99,12,108,114,84,60,112)
1391950
(132,140,70,136,46,14,35,95,142,72,135,90), (102,92,66,40,128,21,106,143,47,24,44,110), (42,76,123,63,36,20,122,18,15,39,96,144), (105,68,19,29,9,73,3,127,121,34,118,65), (117,134,5,31,89,79,109,13,49,111,10,80), (86,87,16,101,139,131,113,83,27,32,98,116), (64,62,69,23,97,103,137,107,4,7,38,129), (78,52,141,8,37,25,43,2,67,125,93,26), (45,77,133,59,41,11,1,61,6,82,119,48), (104,75,53,71,74,58,22,17,94,115,51,91), (120,130,54,85,55,81,33,57,124,30,28,138), (126,88,56,100,50,99,12,108,114,84,60,112)
1393202
(132,140,70,136,46,14,35,95,142,72,135,90), (102,92,66,40,128,21,106,143,36,24,44,110), (42,76,123,63,47,20,122,18,15,39,96,144), (105,68,19,29,9,73,3,127,121,34,118,65), (117,134,5,31,89,79,109,13,49,111,10,80), (86,87,16,101,139,131,113,83,27,32,98,116), (64,62,69,23,97,103,137,107,4,7,38,129), (78,52,141,8,37,25,43,2,67,125,93,26), (45,77,133,59,41,11,1,61,6,82,119,48), (104,75,53,71,74,58,22,17,94,115,51,91), (120,130,54,85,55,81,33,57,124,30,28,138), (126,88,56,100,50,99,12,108,114,84,60,112)
1394338
(132,140,70,136,46,14,35,95,142,72,135,90), (102,92,66,40,128,21,106,143,36,24,44,110), (42,76,123,63,47,20,122,18,15,39,96,144), (105,68,19,29,9,73,3,127,121,34,118,65), (117,134,5,31,89,79,109,13,49,111,10,80), (86,87,16,101,139,131,113,83,27,32,98,116), (64,62,69,23,97,103,137,107,4,7,38,129), (78,52,141,8,37,25,43,2,67,125,93,26), (45,77,133,59,41,11,1,61,6,82,119,48), (104,75,74,71,53,58,22,17,94,115,51,91), (120,130,54,85,55,81,33,57,124,30,28,138), (126,88,56,100,50,99,12,108,114,84,60,112)
1395440
(132,140,70,136,46,14,35,95,143,72,135,90), (102,92,66,40,128,21,106,142,36,24,44,110), (42,76,123,63,47,20,122,18,15,39,96,144), (105,68,19,29,9,73,3,127,121,34,118,65), (117,134,5,31,89,79,109,13,49,111,10,80), (86,87,16,101,139,131,113,83,27,32,98,116), (64,62,69,23,97,103,137,107,4,7,38,129), (78,52,141,8,37,25,43,2,67,125,93,26), (45,77,133,59,41,11,1,61,6,82,119,48), (104,75,74,71,53,58,22,17,94,115,51,91), (120,130,54,85,55,81,33,57,124,30,28,138), (126,88,56,100,50,99,12,108,114,84,60,112)
1396434
(132,140,70,136,46,14,35,95,143,72,144,90), (102,92,66,40,128,21,106,142,36,24,44,110), (42,76,123,63,47,20,122,18,15,39,96,135), (105,68,19,29,9,73,3,127,121,34,118,65), (117,134,5,31,89,79,109,13,49,111,10,80), (86,87,16,101,139,131,113,83,27,32,98,116), (64,62,69,23,97,103,137,107,4,7,38,129), (78,52,141,8,37,25,43,2,67,125,93,26), (45,77,133,59,41,11,1,61,6,82,119,48), (104,75,74,71,53,58,22,17,94,115,51,91), (120,130,54,85,55,81,33,57,124,30,28,138), (126,88,56,100,50,99,12,108,114,84,60,112)
1397410
(132,140,70,136,46,63,35,95,143,72,144,90), (102,92,66,40,128,21,106,142,36,24,44,110), (42,76,123,14,47,20,122,18,15,39,96,135), (105,68,19,29,9,73,3,127,121,34,118,65), (117,134,5,31,89,79,109,13,49,111,10,80), (86,87,16,101,139,131,113,83,27,32,98,116), (64,62,69,23,97,103,137,107,4,7,38,129), (78,52,141,8,37,25,43,2,67,125,93,26), (45,77,133,59,41,11,1,61,6,82,119,48), (104,75,74,71,53,58,22,17,94,115,51,91), (120,130,54,85,55,81,33,57,124,30,28,138), (126,88,56,100,50,99,12,108,114,84,60,112)
1398274
(132,140,70,136,46,63,35,95,143,72,144,90), (102,92,66,40,128,21,106,142,36,24,44,110), (42,76,123,14,47,20,122,18,15,39,96,135), (105,68,19,29,9,73,3,37,121,34,118,65), (117,134,5,31,89,79,109,13,49,111,10,80), (86,87,16,101,139,131,113,83,27,32,98,116), (64,62,69,23,97,103,137,107,4,7,38,129), (78,52,141,8,127,25,43,2,67,125,93,26), (45,77,133,59,41,11,1,61,6,82,119,48), (104,75,74,71,53,58,22,17,94,115,51,91), (120,130,54,85,55,81,33,57,124,30,28,138), (126,88,56,100,50,99,12,108,114,84,60,112)
1399042
(132,140,70,136,46,63,35,95,143,72,144,90), (102,92,66,40,128,21,106,142,36,24,44,110), (42,76,123,14,47,20,122,18,15,39,96,135), (105,68,19,29,9,73,3,37,121,34,118,65), (117,134,5,31,89,79,109,13,49,111,93,80), (86,87,16,101,139,131,113,83,27,32,98,116), (64,62,69,23,97,103,137,107,4,7,38,129), (78,52,141,8,127,25,43,2,67,125,10,26), (45,77,133,59,41,11,1,61,6,82,119,48), (104,75,74,71,53,58,22,17,94,115,51,91), (120,130,54,85,55,81,33,57,124,30,28,138), (126,88,56,100,50,99,12,108,114,84,60,112)
1399780
(132,140,70,136,46,63,35,95,143,72,144,90), (102,92,66,40,128,21,106,142,36,24,44,110), (42,76,123,14,47,19,122,18,15,39,96,135), (105,68,20,29,9,73,3,37,121,34,118,65), (117,134,5,31,89,79,109,13,49,111,93,80), (86,87,16,101,139,131,113,83,27,32,98,116), (64,62,69,23,97,103,137,107,4,7,38,129), (78,52,141,8,127,25,43,2,67,125,10,26), (45,77,133,59,41,11,1,61,6,82,119,48), (104,75,74,71,53,58,22,17,94,115,51,91), (120,130,54,85,55,81,33,57,124,30,28,138), (126,88,56,100,50,99,12,108,114,84,60,112)
1400484
(132,140,70,136,46,63,35,95,143,72,144,90), (102,92,66,40,128,21,106,142,36,24,44,110), (42,76,123,14,47,19,122,18,15,39,96,135), (105,68,20,29,9,73,3,37,121,34,118,65), (117,134,5,31,89,79,109,13,49,111,93,80), (86,87,16,101,139,131,113,83,27,32,98,116), (64,62,69,23,97,103,137,107,4,7,38,129), (78,52,141,8,127,25,43,2,67,125,10,26), (45,77,133,59,41,11,1,61,6,82,119,48), (104,75,74,71,53,58,22,17,94,115,51,91), (120,130,54,85,55,81,33,57,124,30,108,138), (126,88,56,100,50,99,12,28,114,84,60,112)
1401366
(132,140,70,136,46,63,35,95,143,72,144,90), (102,92,66,40,128,21,106,142,36,24,44,110), (42,76,123,14,47,19,122,18,15,39,96,135), (105,68,20,29,9,73,3,37,121,34,118,65), (117,134,5,31,89,79,109,13,49,111,93,80), (86,87,16,101,139,131,113,83,27,32,98,116), (64,62,69,23,97,103,137,107,4,7,38,129), (78,52,141,8,127,25,43,2,67,125,10,26), (45,77,133,59,41,11,1,61,6,82,119,48), (104,75,74,71,53,58,22,17,94,115,51,91), (120,130,54,85,55,81,33,57,124,30,108,138), (126,88,84,100,50,99,12,28,114,56,60,112)
1402455
(132,140,70,136,46,63,35,95,143,72,144,90), (102,92,66,40,128,21,106,142,36,24,44,110), (42,76,123,14,47,19,122,18,15,39,96,135), (105,68,20,29,9,73,3,37,121,34,118,65), (117,134,5,31,89,79,109,13,49,111,93,100), (86,87,16,101,139,131,113,83,27,32,98,116), (64,62,69,23,97,103,137,107,4,7,38,129), (78,52,141,8,127,25,43,2,67,125,10,26), (45,77,133,59,41,11,1,61,6,82,119,48), (104,75,74,71,53,58,22,17,94,115,51,91), (120,130,54,85,55,81,33,57,124,30,108,138), (126,88,84,80,50,99,12,28,114,56,60,112)
1403083
(132,140,70,136,46,63,35,95,143,72,144,90), (102,92,66,64,128,21,106,142,36,24,44,110), (42,76,123,14,47,19,122,18,15,39,96,135), (105,68,20,29,9,73,3,37,121,34,118,65), (117,134,5,31,89,79,109,13,49,111,93,100), (86,87,16,101,139,131,113,83,27,32,98,116), (40,62,69,23,97,103,137,107,4,7,38,129), (78,52,141,8,127,25,43,2,67,125,10,26), (45,77,133,59,41,11,1,61,6,82,119,48), (104,75,74,71,53,58,22,17,94,115,51,91), (120,130,54,85,55,81,33,57,124,30,108,138), (126,88,84,80,50,99,12,28,114,56,60,112)
1403713
(132,140,70,136,46,63,35,95,143,72,144,90), (102,92,66,64,128,21,106,142,36,24,44,110), (42,76,123,14,47,19,122,18,15,39,96,135), (105,68,20,29,9,73,3,37,121,34,118,65), (117,134,5,31,89,79,109,13,49,111,93,100), (86,87,16,101,139,131,113,83,27,32,98,116), (40,62,69,23,97,103,137,107,4,7,38,129), (78,52,141,8,127,25,43,2,67,125,55,26), (45,77,133,59,41,11,1,61,6,82,119,48), (104,75,74,71,53,58,22,17,94,115,51,91), (120,130,54,85,10,81,33,57,124,30,108,138), (126,88,84,80,50,99,12,28,114,56,60,112)
1404400
(132,140,70,136,46,63,35,95,143,72,144,90), (102,66,92,64,128,21,106,142,36,24,44,110), (42,76,123,14,47,19,122,18,15,39,96,135), (105,68,20,29,9,73,3,37,121,34,118,65), (117,134,5,31,89,79,109,13,49,111,93,100), (86,87,16,101,139,131,113,83,27,32,98,116), (40,62,69,23,97,103,137,107,4,7,38,129), (78,52,141,8,127,25,43,2,67,125,55,26), (45,77,133,59,41,11,1,61,6,82,119,48), (104,75,74,71,53,58,22,17,94,115,51,91), (120,130,54,85,10,81,33,57,124,30,108,138), (126,88,84,80,50,99,12,28,114,56,60,112)
1405060
(132,140,70,136,46,63,35,95,143,72,144,90), (102,66,92,64,128,21,106,142,36,24,96,110), (42,76,123,14,47,19,122,18,15,39,44,135), (105,68,20,29,9,73,3,37,121,34,118,65), (117,134,5,31,89,79,109,13,49,111,93,100), (86,87,16,101,139,131,113,83,27,32,98,116), (40,62,69,23,97,103,137,107,4,7,38,129), (78,52,141,8,127,25,43,2,67,125,55,26), (45,77,133,59,41,11,1,61,6,82,119,48), (104,75,74,71,53,58,22,17,94,115,51,91), (120,130,54,85,10,81,33,57,124,30,108,138), (126,88,84,80,50,99,12,28,114,56,60,112)
1405698
(132,140,70,136,46,63,35,95,143,72,144,90), (102,66,92,64,128,21,106,142,36,24,96,110), (42,76,123,14,47,19,122,18,15,39,44,135), (105,68,20,29,9,73,3,37,121,34,118,65), (117,134,5,31,89,79,109,13,49,111,93,100), (86,87,16,101,139,131,113,83,27,32,98,116), (40,62,69,23,97,103,137,107,4,7,38,129), (78,52,141,8,127,25,43,2,67,125,55,26), (45,77,133,59,41,11,1,61,6,82,119,48), (104,75,74,71,53,58,22,17,94,115,51,91), (126,130,54,85,10,81,33,57,124,30,108,138), (120,88,84,80,50,99,12,28,114,56,60,112)
1406294
(132,140,70,136,46,63,35,95,143,72,144,90), (102,66,92,64,128,21,106,142,36,24,96,110), (42,76,123,14,122,19,47,18,15,39,44,135), (105,68,20,29,9,73,3,37,121,34,118,65), (117,134,5,31,89,79,109,13,49,111,93,100), (86,87,16,101,139,131,113,83,27,32,98,116), (40,62,69,23,97,103,137,107,4,7,38,129), (78,52,141,8,127,25,43,2,67,125,55,26), (45,77,133,59,41,11,1,61,6,82,119,48), (104,75,74,71,53,58,22,17,94,115,51,91), (126,130,54,85,10,81,33,57,124,30,108,138), (120,88,84,80,50,99,12,28,114,56,60,112)
1406872
(132,140,70,136,46,63,35,95,143,72,144,90), (102,66,92,64,128,21,106,142,36,24,96,110), (42,76,123,14,122,19,47,18,15,39,44,135), (105,68,20,29,9,73,3,37,121,34,118,65), (117,134,27,31,89,79,109,13,49,111,93,100), (86,87,16,101,139,131,113,83,5,32,98,116), (40,62,69,23,97,103,137,107,4,7,38,129), (78,52,141,8,127,25,43,2,67,125,55,26), (45,77,133,59,41,11,1,61,6,82,119,48), (104,75,74,71,53,58,22,17,94,115,51,91), (126,130,54,85,10,81,33,57,124,30,108,138), (120,88,84,80,50,99,12,28,114,56,60,112)
1407540
(132,140,70,136,46,63,35,95,143,72,144,90), (102,66,92,64,128,21,106,142,36,24,96,110), (42,76,123,14,122,19,47,18,15,39,44,135), (105,68,20,29,9,73,3,37,121,34,118,65), (117,134,27,31,89,79,109,13,49,111,93,100), (86,87,16,101,139,131,113,83,5,32,98,116), (40,62,10,23,97,103,137,107,4,7,38,129), (78,52,141,8,127,25,43,2,67,125,55,26), (45,77,133,59,41,11,1,61,6,82,119,48), (104,75,74,71,53,58,22,17,94,115,51,91), (126,130,54,85,69,81,33,57,124,30,108,138), (120,88,84,80,50,99,12,28,114,56,60,112)
1408004
(132,140,70,136,46,63,35,95,143,72,144,90), (102,66,92,64,128,21,106,142,36,24,96,110), (42,76,123,14,122,19,47,18,15,39,44,135), (105,68,20,29,9,73,3,37,121,34,118,65), (117,134,27,31,89,79,109,13,49,111,93,100), (86,87,16,25,139,131,113,83,5,32,98,116), (40,62,10,23,97,103,137,107,4,7,38,129), (78,52,141,8,127,101,43,2,67,125,55,26), (45,77,133,59,41,11,1,61,6,82,119,48), (104,75,74,71,53,58,22,17,94,115,51,91), (126,130,54,85,69,81,33,57,124,30,108,138), (120,88,84,80,50,99,12,28,114,56,60,112)
1408452
(132,140,70,136,46,63,35,95,143,72,144,90), (102,66,92,64,128,21,106,142,36,24,96,110), (42,76,123,14,122,19,47,18,15,39,44,135), (105,68,20,29,9,73,3,37,121,34,118,65), (117,134,27,31,89,79,109,13,49,111,93,50), (86,87,16,25,139,131,113,83,5,32,98,116), (40,62,10,23,97,103,137,107,4,7,38,129), (78,52,141,8,127,101,43,2,67,125,55,26), (45,77,133,59,41,11,1,61,6,82,119,48), (104,75,74,71,53,58,22,17,94,115,51,91), (126,130,54,85,69,81,33,57,124,30,108,138), (120,88,84,80,100,99,12,28,114,56,60,112)
1409172
(132,140,70,136,46,63,35,95,143,72,144,90), (102,66,92,64,128,21,106,142,36,24,96,110), (42,76,123,14,122,19,47,18,15,39,44,135), (105,68,20,29,9,73,3,37,121,34,118,65), (117,134,27,31,89,79,109,13,49,111,93,50), (86,87,16,25,139,131,113,83,5,32,98,116), (40,62,10,23,97,103,137,107,4,7,38,129), (78,26,141,8,127,101,43,2,67,125,55,52), (45,77,133,59,41,11,1,61,6,82,119,48), (104,75,74,71,53,58,22,17,94,115,51,91), (126,130,54,85,69,81,33,57,124,30,108,138), (120,88,84,80,100,99,12,28,114,56,60,112)
1409592
(132,140,70,136,46,63,35,95,143,72,144,90), (102,66,92,64,128,21,106,142,36,24,96,110), (42,76,123,14,122,19,47,18,15,39,44,135), (105,68,20,29,9,73,3,37,121,34,118,65), (117,134,27,31,89,79,109,13,49,111,93,50), (86,87,16,25,139,131,113,83,5,32,98,116), (40,62,10,23,97,103,137,107,4,7,38,129), (78,26,141,8,127,101,43,2,67,125,55,52), (45,77,133,59,41,11,1,61,6,82,119,48), (104,75,74,71,53,58,22,17,94,115,51,91), (126,130,54,85,69,81,33,57,124,30,112,138), (120,88,84,80,100,99,12,28,114,56,60,108)
1410054
(132,140,70,136,46,63,35,95,143,72,144,90), (102,66,92,64,128,21,106,142,36,24,96,110), (42,76,123,14,122,19,47,18,15,39,44,135), (105,68,20,29,9,73,3,37,121,34,118,65), (117,134,27,31,89,79,109,13,49,111,93,50), (86,87,16,25,139,131,113,83,5,32,98,116), (40,62,10,23,97,103,137,107,4,7,38,129), (78,26,141,8,127,101,43,2,67,125,55,52), (45,33,133,59,41,11,1,61,6,82,119,48), (104,75,74,71,53,58,22,17,94,115,51,91), (126,130,54,85,69,81,77,57,124,30,112,138), (120,88,84,80,100,99,12,28,114,56,60,108)
1410521
(132,140,70,136,46,63,35,95,143,72,144,90), (102,66,92,64,128,21,106,142,36,24,96,110), (42,76,123,14,122,19,47,18,15,39,44,135), (105,68,20,29,9,73,3,37,121,34,118,65), (117,134,27,31,89,79,109,13,49,111,93,50), (86,87,16,25,139,131,113,83,5,32,98,116), (40,62,10,23,97,103,137,107,4,7,38,129), (78,26,141,8,127,101,43,2,67,125,55,52), (45,33,133,59,41,11,1,61,6,82,119,48), (104,75,74,71,53,58,22,17,94,115,51,91), (126,130,54,85,69,81,12,57,124,30,112,138), (120,88,84,80,100,99,77,28,114,56,60,108)
1411017
(132,140,70,136,46,63,35,95,143,72,144,90), (102,66,92,64,128,21,106,142,36,24,96,110), (42,76,123,14,122,19,47,18,15,39,44,135), (105,68,20,29,9,73,3,37,121,34,118,65), (117,134,27,31,89,79,109,13,49,111,93,50), (86,87,16,25,139,131,113,83,5,32,98,116), (40,62,10,23,97,103,137,107,4,7,38,129), (78,26,141,8,127,101,43,2,67,125,55,52), (99,33,133,59,41,11,1,61,6,82,119,48), (104,75,74,71,53,58,22,17,94,115,51,91), (126,130,54,85,69,81,12,57,124,30,112,138), (120,88,84,80,100,45,77,28,114,56,60,108)
1411581
(132,140,70,136,46,63,35,95,143,72,144,90), (102,66,92,64,128,21,106,142,36,24,96,110), (42,76,123,14,122,19,47,18,15,39,44,135), (105,68,20,29,9,73,3,37,121,34,118,65), (117,134,27,31,89,79,109,13,49,111,93,50), (86,87,16,25,139,131,113,83,5,32,98,116), (40,62,10,23,97,103,137,107,4,7,38,129), (78,26,141,8,127,101,43,2,67,125,55,52), (99,33,133,59,41,11,1,61,6,82,119,48), (104,75,74,71,53,58,22,17,94,115,51,91), (126,130,54,85,69,81,12,57,124,30,112,138), (120,80,84,88,100,45,77,28,114,56,60,108)
1412040
(132,140,70,136,46,63,35,95,143,72,144,90), (102,66,92,64,128,21,106,142,36,24,96,110), (42,76,123,14,122,19,47,18,15,39,44,135), (105,68,20,29,9,73,3,37,121,34,118,65), (117,134,27,31,89,79,109,13,49,111,93,50), (86,87,16,25,139,131,113,83,5,32,98,116), (40,62,10,23,97,103,137,107,4,7,38,129), (78,26,141,8,127,101,43,2,67,125,55,52), (99,33,133,59,41,11,1,61,6,82,119,48), (104,100,74,71,53,58,22,17,94,115,51,91), (126,130,54,85,69,81,12,57,124,30,112,138), (120,80,84,88,75,45,77,28,114,56,60,108)
1412480
(132,140,70,136,46,63,35,95,143,72,144,90), (102,66,92,64,128,21,106,142,36,24,96,110), (42,76,123,14,122,19,47,18,15,39,44,135), (105,68,86,29,9,73,3,37,121,34,118,65), (117,134,27,31,89,79,109,13,49,111,93,50), (20,87,16,25,139,131,113,83,5,32,98,116), (40,62,10,23,97,103,137,107,4,7,38,129), (78,26,141,8,127,101,43,2,67,125,55,52), (99,33,133,59,41,11,1,61,6,82,119,48), (104,100,74,71,53,58,22,17,94,115,51,91), (126,130,54,85,69,81,12,57,124,30,112,138), (120,80,84,88,75,45,77,28,114,56,60,108)
1412984
(132,140,70,136,46,63,35,95,143,72,144,90), (102,66,92,64,128,21,106,142,36,24,96,110), (42,76,123,14,122,19,47,18,15,39,44,135), (105,68,86,29,9,73,3,37,121,34,118,65), (117,134,27,31,89,79,109,13,49,111,93,50), (20,87,16,25,139,131,113,83,5,32,98,116), (40,62,10,23,97,103,137,107,4,7,38,129), (78,26,141,8,43,101,127,2,67,125,55,52), (99,33,133,59,41,11,1,61,6,82,119,48), (104,100,74,71,53,58,22,17,94,115,51,91), (126,130,54,85,69,81,12,57,124,30,112,138), (120,80,84,88,75,45,77,28,114,56,60,108)
1413408
(132,140,70,136,115,63,35,95,143,72,144,90), (102,66,92,64,128,21,106,142,36,24,96,110), (42,76,123,14,122,19,47,18,15,39,44,135), (105,68,86,29,9,73,3,37,121,34,118,65), (117,134,27,31,89,79,109,13,49,111,93,50), (20,87,16,25,139,131,113,83,5,32,98,116), (40,62,10,23,97,103,137,107,4,7,38,129), (78,26,141,8,43,101,127,2,67,125,55,52), (99,33,133,59,41,11,1,61,6,82,119,48), (104,100,74,71,53,58,22,17,94,46,51,91), (126,130,54,85,69,81,12,57,124,30,112,138), (120,80,84,88,75,45,77,28,114,56,60,108)
1414255
(132,140,70,136,115,63,35,95,143,72,144,108), (102,66,92,64,128,21,106,142,36,24,96,110), (42,76,123,14,122,19,47,18,15,39,44,135), (105,68,86,29,9,73,3,37,121,34,118,65), (117,134,27,31,89,79,109,13,49,111,93,50), (20,87,16,25,139,131,113,83,5,32,98,116), (40,62,10,23,97,103,137,107,4,7,38,129), (78,26,141,8,43,101,127,2,67,125,55,52), (99,33,133,59,41,11,1,61,6,82,119,48), (104,100,74,71,53,58,22,17,94,46,51,91), (126,130,54,85,69,81,12,57,124,30,112,138), (120,80,84,88,75,45,77,28,114,56,60,90)
1414757
(132,140,70,136,115,63,35,95,143,72,108,144), (102,66,92,64,128,21,106,142,36,24,96,110), (42,76,123,14,122,19,47,18,15,39,44,135), (105,68,86,29,9,73,3,37,121,34,118,65), (117,134,27,31,89,79,109,13,49,111,93,50), (20,87,16,25,139,131,113,83,5,32,98,116), (40,62,10,23,97,103,137,107,4,7,38,129), (78,26,141,8,43,101,127,2,67,125,55,52), (99,33,133,59,41,11,1,61,6,82,119,48), (104,100,74,71,53,58,22,17,94,46,51,91), (126,130,54,85,69,81,12,57,124,30,112,138), (120,80,84,88,75,45,77,28,114,56,60,90)
1415201
(132,140,70,136,115,63,35,95,143,72,108,144), (102,66,92,64,128,21,106,142,50,24,96,110), (42,76,123,14,122,19,47,18,15,39,44,135), (105,68,86,29,9,73,3,37,121,34,118,65), (117,134,27,31,89,79,109,13,49,111,93,36), (20,87,16,25,139,131,113,83,5,32,98,116), (40,62,10,23,97,103,137,107,4,7,38,129), (78,26,141,8,43,101,127,2,67,125,55,52), (99,33,133,59,41,11,1,61,6,82,119,48), (104,100,74,71,53,58,22,17,94,46,51,91), (126,130,54,85,69,81,12,57,124,30,112,138), (120,80,84,88,75,45,77,28,114,56,60,90)
1415693
(132,140,70,136,115,63,35,95,143,72,108,144), (102,66,92,64,128,21,106,142,50,24,96,110), (42,76,123,14,122,19,47,18,15,39,44,48), (105,68,86,29,9,73,3,37,121,34,118,65), (117,134,27,31,89,79,109,13,49,111,93,36), (20,87,16,25,139,131,113,83,5,32,98,116), (40,62,10,23,97,103,137,107,4,7,38,129), (78,26,141,8,43,101,127,2,67,125,55,52), (99,33,133,59,41,11,1,61,6,82,119,135), (104,100,74,71,53,58,22,17,94,46,51,91), (126,130,54,85,69,81,12,57,124,30,112,138), (120,80,84,88,75,45,77,28,114,56,60,90)
1416321
(132,140,70,136,115,63,35,95,143,72,108,144), (102,66,92,64,128,21,106,142,50,24,96,110), (42,76,123,14,122,19,47,18,15,39,44,48), (105,68,86,29,9,73,3,37,121,34,118,65), (117,134,27,31,89,79,109,13,49,111,93,36), (20,87,16,25,139,131,113,83,5,32,98,116), (40,62,10,23,97,103,137,107,4,7,38,129), (78,26,141,8,43,101,127,2,67,125,55,130), (99,33,133,59,41,11,1,61,6,82,119,135), (104,100,74,71,53,58,22,17,94,46,51,91), (126,52,54,85,69,81,12,57,124,30,112,138), (120,80,84,88,75,45,77,28,114,56,60,90)
1417041
(132,140,70,136,115,63,35,95,143,72,108,144), (102,66,92,64,128,21,106,142,50,24,96,110), (42,76,123,14,122,19,47,18,15,39,44,48), (105,68,86,29,9,73,3,37,121,34,118,65), (117,134,27,31,89,79,109,13,49,111,93,36), (20,87,16,25,139,131,113,83,5,32,98,116), (40,62,10,23,97,103,137,107,4,7,38,129), (78,26,141,8,43,101,127,2,67,125,55,91), (99,33,133,59,41,11,1,61,6,82,119,135), (104,100,74,71,53,58,22,17,94,46,51,130), (126,52,54,85,69,81,12,57,124,30,112,138), (120,80,84,88,75,45,77,28,114,56,60,90)
1417593
(132,140,70,136,115,63,35,95,143,72,108,144), (102,66,92,64,128,21,106,142,50,24,96,110), (42,76,123,14,122,19,47,18,15,39,44,48), (105,51,86,29,9,73,3,37,121,34,118,65), (117,134,27,31,89,79,109,13,49,111,93,36), (20,87,16,25,139,131,113,83,5,32,98,116), (40,62,10,23,97,103,137,107,4,7,38,129), (78,26,141,8,43,101,127,2,67,125,55,91), (99,33,133,59,41,11,1,61,6,82,119,135), (104,100,74,71,53,58,22,17,94,46,68,130), (126,52,54,85,69,81,12,57,124,30,112,138), (120,80,84,88,75,45,77,28,114,56,60,90)
1418117
(132,140,70,136,115,63,35,95,143,72,108,144), (102,66,92,64,128,21,106,142,50,24,96,110), (42,76,123,14,122,19,47,18,12,39,44,48), (105,51,86,29,9,73,3,37,121,34,118,65), (117,134,27,31,89,79,109,13,49,111,93,36), (20,87,16,25,139,131,113,83,5,32,98,116), (40,62,10,23,97,103,137,107,4,7,38,129), (78,26,141,8,43,101,127,2,67,125,55,91), (99,33,133,59,41,11,1,61,6,82,119,135), (104,100,74,71,53,58,22,17,94,46,68,130), (126,52,54,85,69,81,15,57,124,30,112,138), (120,80,84,88,75,45,77,28,114,56,60,90)
1418709
(132,140,70,136,115,63,35,95,143,72,108,144), (102,66,92,64,128,21,106,142,50,24,96,110), (42,76,123,14,122,19,47,18,12,39,44,48), (105,51,86,29,9,73,3,37,125,34,118,65), (117,134,27,31,89,79,109,13,49,111,93,36), (20,87,16,25,139,131,113,83,5,32,98,116), (40,62,10,23,97,103,137,107,4,7,38,129), (78,26,141,8,43,101,127,2,67,121,55,91), (99,33,133,59,41,11,1,61,6,82,119,135), (104,100,74,71,53,58,22,17,94,46,68,130), (126,52,54,85,69,81,15,57,124,30,112,138), (120,80,84,88,75,45,77,28,114,56,60,90)
1419224
(132,140,70,136,115,63,35,95,143,110,108,144), (102,66,92,64,128,21,106,142,50,24,96,72), (42,76,123,14,122,19,47,18,12,39,44,48), (105,51,86,29,9,73,3,37,125,34,118,65), (117,134,27,31,89,79,109,13,49,111,93,36), (20,87,16,25,139,131,113,83,5,32,98,116), (40,62,10,23,97,103,137,107,4,7,38,129), (78,26,141,8,43,101,127,2,67,121,55,91), (99,33,133,59,41,11,1,61,6,82,119,135), (104,100,74,71,53,58,22,17,94,46,68,130), (126,52,54,85,69,81,15,57,124,30,112,138), (120,80,84,88,75,45,77,28,114,56,60,90)
1419692
(132,140,70,136,115,63,35,95,143,110,108,144), (102,66,92,64,128,21,106,142,50,24,96,72), (42,76,123,14,122,19,47,18,118,39,44,48), (105,51,86,29,9,73,3,37,125,34,12,65), (117,134,27,31,89,79,109,13,49,111,93,36), (20,87,16,25,139,131,113,83,5,32,98,116), (40,62,10,23,97,103,137,107,4,7,38,129), (78,26,141,8,43,101,127,2,67,121,55,91), (99,33,133,59,41,11,1,61,6,82,119,135), (104,100,74,71,53,58,22,17,94,46,68,130), (126,52,54,85,69,81,15,57,124,30,112,138), (120,80,84,88,75,45,77,28,114,56,60,90)
1420076
(132,140,70,136,115,63,35,95,143,110,108,144), (102,66,92,64,128,21,106,142,50,24,96,72), (42,76,123,14,122,19,47,18,118,39,44,48), (105,51,86,29,9,73,3,37,125,34,55,65), (117,134,27,31,89,79,109,13,49,111,93,36), (20,87,16,25,139,131,113,83,5,32,98,116), (40,62,10,23,97,103,137,107,4,7,38,129), (78,26,141,8,43,101,127,2,67,121,12,91), (99,33,133,59,41,11,1,61,6,82,119,135), (104,100,74,71,53,58,22,17,94,46,68,130), (126,52,54,85,69,81,15,57,124,30,112,138), (120,80,84,88,75,45,77,28,114,56,60,90)
1420436
(132,140,70,136,115,63,35,95,143,110,108,144), (102,66,92,64,128,21,106,142,50,24,96,72), (42,76,123,14,122,19,47,81,118,39,44,48), (105,51,86,29,9,73,3,37,125,34,55,65), (117,134,27,31,89,79,109,13,49,111,93,36), (20,87,16,25,139,131,113,83,5,32,98,116), (40,62,10,23,97,103,137,107,4,7,38,129), (78,26,141,8,43,101,127,2,67,121,12,91), (99,33,133,59,41,11,1,61,6,82,119,135), (104,100,74,71,53,58,22,17,94,46,68,130), (126,52,54,85,69,18,15,57,124,30,112,138), (120,80,84,88,75,45,77,28,114,56,60,90)
1420816
(132,140,70,136,115,54,35,95,143,110,108,144), (102,66,92,64,128,21,106,142,50,24,96,72), (42,76,123,14,122,19,47,81,118,39,44,48), (105,51,86,29,9,73,3,37,125,34,55,65), (117,134,27,31,89,79,109,13,49,111,93,36), (20,87,16,25,139,131,113,83,5,32,98,116), (40,62,10,23,97,103,137,107,4,7,38,129), (78,26,141,8,43,101,127,2,67,121,12,91), (99,33,133,59,41,11,1,61,6,82,119,135), (104,100,74,71,53,58,22,17,94,46,68,130), (126,52,63,85,69,18,15,57,124,30,112,138), (120,80,84,88,75,45,77,28,114,56,60,90)
1421576
(132,140,70,136,115,54,35,95,143,110,108,144), (102,66,92,64,128,21,106,142,50,24,96,72), (42,76,123,14,122,19,47,81,118,39,77,48), (105,51,86,29,9,73,3,37,125,34,55,65), (117,134,27,31,89,79,109,13,49,111,93,36), (20,87,16,25,139,131,113,83,5,32,98,116), (40,62,10,23,97,103,137,107,4,7,38,129), (78,26,141,8,43,101,127,2,67,121,12,91), (99,33,133,59,41,11,1,61,6,82,119,135), (104,100,74,71,53,58,22,17,94,46,68,130), (126,52,63,85,69,18,15,57,124,30,112,138), (120,80,84,88,75,45,44,28,114,56,60,90)
1422026
(132,140,70,136,115,54,35,95,143,110,108,144), (102,66,92,64,128,21,106,142,50,24,96,72), (42,76,123,14,122,19,47,81,118,39,77,48), (105,51,86,29,9,73,3,37,125,34,55,65), (117,134,27,31,89,79,109,13,49,111,93,36), (20,87,16,25,139,131,113,83,5,32,98,116), (40,62,10,23,97,103,137,107,4,7,38,129), (52,26,141,8,43,101,127,2,67,121,12,91), (99,33,133,59,41,11,1,61,6,82,119,135), (104,100,74,71,53,58,22,17,94,46,68,130), (126,78,63,85,69,18,15,57,124,30,112,138), (120,80,84,88,75,45,44,28,114,56,60,90)
1422342
(132,140,70,136,115,54,35,95,143,110,108,144), (102,66,92,64,128,21,106,142,50,24,96,72), (42,76,123,14,122,19,47,81,118,39,77,48), (105,51,86,29,9,73,3,37,125,34,55,65), (117,134,27,31,89,79,109,13,49,111,93,36), (20,87,16,25,139,131,113,83,5,32,98,116), (40,62,10,23,97,103,137,107,4,7,38,129), (52,26,141,8,43,101,127,2,67,121,12,91), (99,33,133,59,41,11,1,61,6,82,119,135), (104,100,74,71,53,58,22,17,94,46,68,130), (126,78,63,85,69,18,15,57,124,75,112,138), (120,80,84,88,30,45,44,28,114,56,60,90)
1422629
(132,140,70,136,115,54,35,95,143,110,108,144), (102,66,92,64,128,21,106,142,50,24,96,72), (42,76,123,14,122,19,47,81,118,39,77,48), (105,51,86,29,9,73,3,37,125,34,55,65), (117,134,27,31,89,79,109,13,49,111,93,36), (20,87,16,25,139,131,113,83,5,32,98,116), (40,62,10,23,97,103,137,107,4,7,38,129), (52,26,141,8,43,101,127,2,67,121,12,91), (99,33,74,59,41,11,1,61,6,82,119,135), (104,100,133,71,53,58,22,17,94,46,68,130), (126,78,63,85,69,18,15,57,124,75,112,138), (120,80,84,88,30,45,44,28,114,56,60,90)
1422881
(132,140,70,136,115,54,35,95,143,110,108,144), (102,66,92,64,128,21,106,142,50,24,96,72), (105,76,123,14,122,19,47,81,118,39,77,48), (42,51,86,29,9,73,3,37,125,34,55,65), (117,134,27,31,89,79,109,13,49,111,93,36), (20,87,16,25,139,131,113,83,5,32,98,116), (40,62,10,23,97,103,137,107,4,7,38,129), (52,26,141,8,43,101,127,2,67,121,12,91), (99,33,74,59,41,11,1,61,6,82,119,135), (104,100,133,71,53,58,22,17,94,46,68,130), (126,78,63,85,69,18,15,57,124,75,112,138), (120,80,84,88,30,45,44,28,114,56,60,90)
1423123
(132,140,70,136,115,54,35,95,143,110,108,144), (102,66,92,64,128,21,106,142,50,24,96,72), (105,76,123,14,122,19,47,81,118,39,77,48), (42,51,86,29,9,73,3,37,125,34,55,65), (117,134,27,31,89,79,109,13,49,111,93,36), (20,87,16,25,139,131,113,83,5,32,98,116), (100,62,10,23,97,103,137,107,4,7,38,129), (52,26,141,8,43,101,127,2,67,121,12,91), (99,33,74,59,41,11,1,61,6,82,119,135), (104,40,133,71,53,58,22,17,94,46,68,130), (126,78,63,85,69,18,15,57,124,75,112,138), (120,80,84,88,30,45,44,28,114,56,60,90)
1423353
(132,140,70,136,115,54,35,95,143,110,108,144), (102,66,92,64,128,21,106,142,50,24,96,72), (105,76,123,14,122,19,47,81,118,39,36,48), (42,51,86,29,9,73,3,37,125,34,55,65), (117,134,27,31,89,79,109,13,49,111,93,77), (20,87,16,25,139,131,113,83,5,32,98,116), (100,62,10,23,97,103,137,107,4,7,38,129), (52,26,141,8,43,101,127,2,67,121,12,91), (99,33,74,59,41,11,1,61,6,82,119,135), (104,40,133,71,53,58,22,17,94,46,68,130), (126,78,63,85,69,18,15,57,124,75,112,138), (120,80,84,88,30,45,44,28,114,56,60,90)
1423585
(132,140,70,136,115,54,35,95,143,110,108,144), (102,66,92,64,128,21,106,142,50,24,96,72), (105,76,123,14,122,19,47,81,118,39,36,48), (42,51,86,29,9,73,3,37,125,34,55,65), (117,134,27,31,89,79,109,13,49,111,93,77), (20,87,16,25,139,131,113,83,5,32,98,116), (100,62,10,23,97,103,137,107,4,7,38,129), (52,26,141,8,43,101,127,2,67,121,12,91), (99,33,74,59,41,11,1,61,6,82,119,135), (104,40,133,71,53,58,22,17,94,46,68,130), (126,78,63,85,69,18,15,57,75,124,112,138), (120,80,84,88,30,45,44,28,114,56,60,90)
1423808
(132,140,70,136,115,54,35,95,143,110,108,144), (102,66,92,64,128,21,106,142,50,24,96,72), (105,76,123,14,122,19,47,81,118,39,36,48), (42,51,86,29,9,73,3,37,125,34,55,65), (117,134,27,31,89,79,109,13,49,111,93,77), (20,87,16,25,139,131,113,83,5,32,98,116), (100,62,10,23,97,103,137,107,4,7,38,129), (52,26,141,8,43,101,127,2,67,121,12,91), (99,33,74,59,41,11,1,61,6,82,119,135), (104,40,133,71,53,58,22,17,94,46,68,130), (126,78,63,85,69,18,15,57,75,124,112,138), (120,84,80,88,30,45,44,28,114,56,60,90)