
Starting
2345115
(10,43,85,46,68,157,5,153,164,36,121,29,13), (71,136,159,63,144,41,22,86,93,81,60,154,6), (146,116,80,84,28,125,55,140,150,4,33,163,75), (42,48,59,83,2,92,19,35,109,82,132,21,107), (142,134,94,113,149,158,111,123,38,137,133,165,69), (52,32,103,1,166,77,79,139,17,120,66,51,44), (53,50,12,97,27,23,118,70,90,49,138,124,151), (95,7,122,119,89,67,8,91,99,96,131,110,108), (105,156,11,114,57,20,65,25,39,117,62,74,130), (148,101,72,167,16,135,141,9,26,73,147,145,54), (78,126,34,3,24,31,100,127,45,128,160,40,162), (169,56,143,161,47,76,98,14,115,87,168,102,30), (155,112,104,37,106,88,61,15,18,129,152,64,58)
2411732
(10,43,85,46,68,157,5,153,164,36,121,29,13), (71,136,159,63,144,41,22,86,93,81,60,154,6), (146,116,80,84,28,125,55,140,150,4,33,163,75), (42,48,59,83,2,92,19,35,109,82,132,21,107), (142,134,94,113,149,158,111,123,38,137,133,165,69), (52,32,103,1,166,77,79,139,17,120,66,51,44), (53,50,12,97,27,23,118,70,90,49,138,124,151), (95,7,122,119,89,67,8,91,99,96,131,110,108), (105,156,11,114,57,20,65,25,39,117,62,74,130), (148,101,72,167,16,135,141,9,26,73,147,145,54), (78,126,34,3,24,31,100,127,45,128,160,40,162), (169,56,143,161,47,76,98,14,115,87,168,102,30), (155,112,104,37,106,88,61,15,18,129,152,64,58)
2429623
(136,37,164,80,38,51,167,34,94,124,99,135,71), (153,60,30,105,91,63,150,98,152,102,68,49,14), (62,65,96,52,157,106,104,148,113,20,134,108,69), (169,57,10,2,138,130,141,117,23,28,36,79,101), (11,160,143,93,73,7,26,95,70,42,151,12,31), (39,5,109,115,59,89,85,78,107,25,75,46,9), (133,87,6,145,76,161,55,8,1,121,77,159,142), (86,66,112,163,156,40,74,122,58,41,82,43,119), (72,97,90,19,53,92,48,147,84,4,118,61,22), (44,83,149,88,127,131,64,81,162,137,158,111,140), (132,54,32,50,15,166,155,17,120,110,146,114,125), (27,129,100,168,33,45,123,144,13,139,35,18,116), (24,128,103,67,47,21,56,3,29,16,154,126,165)
2499481
(154,95,14,36,98,163,156,16,135,153,151,108,90), (79,117,162,12,25,89,93,97,35,84,159,61,99), (168,116,128,63,83,8,70,58,80,59,75,44,94), (76,71,81,46,167,62,82,4,33,30,77,160,124), (127,120,52,57,100,133,17,41,66,119,161,122,166), (54,145,10,22,102,134,51,43,69,13,31,158,139), (72,1,129,37,137,74,105,5,19,23,68,91,20), (15,143,146,109,169,48,126,28,50,40,65,155,27), (92,38,49,118,42,152,2,141,60,86,148,165,87), (3,125,73,131,132,149,147,115,121,9,21,39,24), (130,53,142,29,164,144,150,6,114,101,136,67,110), (78,32,7,103,55,18,138,64,34,26,11,111,140), (96,88,45,56,123,112,47,113,106,107,157,104,85)
2501290
(72,110,45,53,154,122,86,120,162,158,52,32,104), (128,25,142,58,85,33,129,73,28,7,108,12,63), (93,116,59,42,92,133,10,109,121,23,35,141,61), (20,27,68,139,146,113,126,169,40,30,130,131,115), (137,96,41,136,11,66,75,134,49,77,163,112,9), (84,165,119,13,161,89,71,79,38,144,97,99,91), (14,167,57,88,1,18,83,160,76,17,69,5,29), (140,34,50,24,82,106,166,21,15,95,31,47,124), (138,157,67,155,43,127,135,55,111,147,74,16,19), (90,98,2,62,168,6,65,164,105,148,156,60,87), (44,22,114,78,153,151,56,81,8,107,94,149,118), (152,125,64,145,26,102,103,39,36,123,70,46,100), (150,101,51,4,37,54,132,143,117,80,159,48,3)
2523970
(168,126,142,156,70,88,117,2,120,80,91,3,150), (83,37,114,99,76,22,26,52,72,101,64,139,96), (137,67,153,163,4,138,146,165,7,129,154,135,71), (98,15,48,118,45,40,164,107,159,33,6,85,115), (74,50,57,136,95,8,63,141,58,102,82,24,46), (105,113,17,122,123,73,116,112,140,28,87,60,148), (103,90,110,20,1,169,79,62,23,160,94,38,77), (106,130,14,5,61,34,27,31,111,12,109,133,147), (144,166,132,86,36,47,59,121,55,16,92,51,25), (43,155,127,104,32,158,10,84,29,75,89,21,68), (108,44,157,93,145,9,167,65,131,151,100,42,143), (41,11,39,53,134,56,19,66,54,97,161,152,78), (149,35,125,69,49,81,18,162,13,128,119,124,30)
2533350
(67,70,63,71,112,160,57,146,33,47,39,74,164), (102,159,15,75,162,52,145,163,25,94,117,27,28), (116,92,10,21,54,86,17,35,120,157,128,84,150), (88,5,69,24,83,153,111,44,100,130,80,113,151), (50,95,158,97,7,122,9,19,45,3,135,96,109), (14,72,142,61,165,152,42,1,78,131,31,13,11), (68,108,46,59,119,82,133,93,62,129,139,138,167), (16,34,137,65,79,20,89,53,169,4,91,126,18), (30,156,124,98,22,106,114,26,2,143,90,58,110), (101,123,77,107,141,161,99,8,121,144,134,149,85), (147,168,115,37,73,125,56,49,41,6,32,103,76), (87,154,104,60,38,23,48,36,127,43,64,132,51), (166,118,55,40,105,81,66,136,29,155,148,140,12)