
670336
(73,18,105,32,5,79,58,97,46,3,60), (49,78,114,51,101,102,37,75,77,74,6), (109,99,29,66,50,4,54,20,47,88,64), (30,120,28,100,48,89,19,35,69,71,13), (96,76,85,7,57,9,98,107,17,52,23), (43,25,106,91,94,45,110,117,56,92,84), (16,40,80,10,65,61,8,93,83,55,72), (68,14,53,121,103,34,31,39,21,95,11), (118,62,82,24,26,116,27,119,112,44,38), (113,111,104,70,15,41,42,2,67,63,90), (81,33,1,12,59,115,108,86,87,22,36)
683925
(110,18,105,32,5,79,58,97,46,3,60), (49,78,114,51,101,102,37,75,77,74,6), (109,99,29,66,50,4,54,20,47,88,64), (30,120,28,100,48,89,19,35,69,71,13), (96,76,85,7,57,9,98,107,17,52,23), (43,25,106,91,94,45,73,117,56,92,84), (16,40,80,10,65,61,8,93,83,55,72), (68,14,53,121,103,34,31,39,21,95,11), (118,62,82,24,26,116,27,119,112,44,38), (113,111,104,70,15,41,42,2,67,63,90), (81,33,1,12,59,115,108,86,87,22,36)
693483
(110,18,105,32,5,79,58,97,46,3,60), (49,78,114,51,101,102,37,75,77,74,6), (109,99,29,66,50,4,54,20,47,88,64), (30,120,28,100,48,89,19,35,69,71,13), (96,76,85,7,57,9,98,107,17,52,23), (43,25,106,91,94,45,73,117,56,113,84), (16,40,80,10,65,61,8,93,83,55,72), (68,14,53,121,103,34,31,39,21,95,11), (118,62,82,24,26,116,27,119,112,44,38), (92,111,104,70,15,41,42,2,67,63,90), (81,33,1,12,59,115,108,86,87,22,36)
701751
(110,18,105,32,5,79,58,97,46,3,60), (49,78,114,51,101,102,37,75,77,74,6), (117,99,29,66,50,4,54,20,47,88,64), (30,120,28,100,48,89,19,35,69,71,13), (96,76,85,7,57,9,98,107,17,52,23), (43,25,106,91,94,45,73,109,56,113,84), (16,40,80,10,65,61,8,93,83,55,72), (68,14,53,121,103,34,31,39,21,95,11), (118,62,82,24,26,116,27,119,112,44,38), (92,111,104,70,15,41,42,2,67,63,90), (81,33,1,12,59,115,108,86,87,22,36)
709267
(110,18,105,32,5,79,58,97,46,3,60), (49,78,114,51,101,102,37,75,77,74,6), (117,99,29,66,50,4,54,20,47,88,64), (30,81,28,100,48,89,19,35,69,71,13), (96,76,85,7,57,9,98,107,17,52,23), (43,25,106,91,94,45,73,109,56,113,84), (16,40,80,10,65,61,8,93,83,55,72), (68,14,53,121,103,34,31,39,21,95,11), (118,62,82,24,26,116,27,119,112,44,38), (92,111,104,70,15,41,42,2,67,63,90), (120,33,1,12,59,115,108,86,87,22,36)
716479
(110,18,105,32,5,79,58,97,46,3,60), (49,78,114,51,101,102,37,75,77,74,6), (117,99,29,118,50,4,54,20,47,88,64), (30,81,28,100,48,89,19,35,69,71,13), (96,76,85,7,57,9,98,107,17,52,23), (43,25,106,91,94,45,73,109,56,113,84), (16,40,80,10,65,61,8,93,83,55,72), (68,14,53,121,103,34,31,39,21,95,11), (66,62,82,24,26,116,27,119,112,44,38), (92,111,104,70,15,41,42,2,67,63,90), (120,33,1,12,59,115,108,86,87,22,36)
723205
(110,18,105,32,5,79,58,97,46,48,60), (49,78,114,51,101,102,37,75,77,74,6), (117,99,29,118,50,4,54,20,47,88,64), (30,81,28,100,3,89,19,35,69,71,13), (96,76,85,7,57,9,98,107,17,52,23), (43,25,106,91,94,45,73,109,56,113,84), (16,40,80,10,65,61,8,93,83,55,72), (68,14,53,121,103,34,31,39,21,95,11), (66,62,82,24,26,116,27,119,112,44,38), (92,111,104,70,15,41,42,2,67,63,90), (120,33,1,12,59,115,108,86,87,22,36)
729829
(110,18,105,32,5,79,58,97,46,48,60), (49,78,114,51,101,102,37,75,77,74,6), (117,99,29,118,50,4,54,20,47,88,64), (30,81,28,100,3,89,19,35,69,71,13), (96,76,85,7,57,9,98,107,17,52,23), (43,25,106,91,94,1,73,109,56,113,84), (16,40,80,10,65,61,8,93,83,55,72), (68,14,53,121,103,34,31,39,21,95,11), (66,62,82,24,26,116,27,119,112,44,38), (92,111,104,70,15,41,42,2,67,63,90), (120,33,45,12,59,115,108,86,87,22,36)
735466
(110,18,105,32,5,79,58,100,46,48,60), (49,78,114,51,101,102,37,75,77,74,6), (117,99,29,118,50,4,54,20,47,88,64), (30,81,28,97,3,89,19,35,69,71,13), (96,76,85,7,57,9,98,107,17,52,23), (43,25,106,91,94,1,73,109,56,113,84), (16,40,80,10,65,61,8,93,83,55,72), (68,14,53,121,103,34,31,39,21,95,11), (66,62,82,24,26,116,27,119,112,44,38), (92,111,104,70,15,41,42,2,67,63,90), (120,33,45,12,59,115,108,86,87,22,36)
740926
(110,18,105,32,5,79,58,100,46,48,60), (49,78,114,51,101,102,37,75,77,74,6), (117,99,29,118,50,4,54,20,47,88,64), (30,81,28,97,3,89,19,35,69,71,13), (96,76,85,7,57,9,98,107,17,52,23), (43,25,106,91,94,1,73,109,56,113,84), (16,40,80,10,67,61,8,93,83,55,72), (68,14,53,121,103,34,31,39,21,95,11), (66,62,82,24,26,116,27,119,112,44,38), (92,111,104,70,15,41,42,2,65,63,90), (120,33,45,12,59,115,108,86,87,22,36)
745258
(110,18,105,32,5,91,58,100,46,48,60), (49,78,114,51,101,102,37,75,77,74,6), (117,99,29,118,50,4,54,20,47,88,64), (30,81,28,97,3,89,19,35,69,71,13), (96,76,85,7,57,9,98,107,17,52,23), (43,25,106,79,94,1,73,109,56,113,84), (16,40,80,10,67,61,8,93,83,55,72), (68,14,53,121,103,34,31,39,21,95,11), (66,62,82,24,26,116,27,119,112,44,38), (92,111,104,70,15,41,42,2,65,63,90), (120,33,45,12,59,115,108,86,87,22,36)
749732
(110,18,105,32,5,91,58,100,46,48,60), (80,78,114,51,101,102,37,75,77,74,6), (117,99,29,118,50,4,54,20,47,88,64), (30,81,28,97,3,89,19,35,69,71,13), (96,76,85,7,57,9,98,107,17,52,23), (43,25,106,79,94,1,73,109,56,113,84), (16,40,49,10,67,61,8,93,83,55,72), (68,14,53,121,103,34,31,39,21,95,11), (66,62,82,24,26,116,27,119,112,44,38), (92,111,104,70,15,41,42,2,65,63,90), (120,33,45,12,59,115,108,86,87,22,36)
754047
(110,18,105,32,5,91,58,100,46,48,60), (80,78,114,51,101,6,37,75,77,74,102), (117,99,29,118,50,4,54,20,47,88,64), (30,81,28,97,3,89,19,35,69,71,13), (96,76,85,7,57,9,98,107,17,52,23), (43,25,106,79,94,1,73,109,56,113,84), (16,40,49,10,67,61,8,93,83,55,72), (68,14,53,121,103,34,31,39,21,95,11), (66,62,82,24,26,116,27,119,112,44,38), (92,111,104,70,15,41,42,2,65,63,90), (120,33,45,12,59,115,108,86,87,22,36)
757990
(110,18,105,32,5,91,58,100,46,48,60), (80,78,114,51,101,6,37,75,77,74,102), (117,99,29,118,50,4,54,20,47,88,64), (30,81,28,97,3,89,19,35,69,106,13), (96,76,85,7,57,9,98,107,17,52,23), (43,25,71,79,94,1,73,109,56,113,84), (16,40,49,10,67,61,8,93,83,55,72), (68,14,53,121,103,34,31,39,21,95,11), (66,62,82,24,26,116,27,119,112,44,38), (92,111,104,70,15,41,42,2,65,63,90), (120,33,45,12,59,115,108,86,87,22,36)
761340
(110,18,105,32,5,91,58,100,46,48,60), (80,78,114,51,101,6,37,75,77,74,102), (117,99,29,118,50,4,54,20,47,88,64), (30,81,28,97,3,89,19,35,69,106,13), (96,76,85,7,57,9,98,107,17,52,23), (43,25,71,79,94,1,73,109,86,113,84), (16,40,49,10,67,61,8,93,83,55,72), (68,14,53,121,103,34,31,39,21,95,11), (66,62,82,24,26,116,27,119,112,44,38), (92,111,104,70,15,41,42,2,65,63,90), (120,33,45,12,59,115,108,56,87,22,36)
764307
(110,18,105,32,5,91,58,100,46,48,60), (80,78,114,51,101,6,37,75,77,74,102), (117,99,29,118,11,4,54,20,47,88,64), (30,81,28,97,3,89,19,35,69,106,13), (96,76,85,7,57,9,98,107,17,52,23), (43,25,71,79,94,1,73,109,86,113,84), (16,40,49,10,67,61,8,93,83,55,72), (68,14,53,121,103,34,31,39,21,95,50), (66,62,82,24,26,116,27,119,112,44,38), (92,111,104,70,15,41,42,2,65,63,90), (120,33,45,12,59,115,108,56,87,22,36)
767272
(110,18,105,32,5,91,58,100,46,48,60), (80,78,114,51,98,6,37,75,77,74,102), (117,99,29,118,11,4,54,20,47,88,64), (30,81,28,97,3,89,19,35,69,106,13), (96,76,85,7,57,9,101,107,17,52,23), (43,25,71,79,94,1,73,109,86,113,84), (16,40,49,10,67,61,8,93,83,55,72), (68,14,53,121,103,34,31,39,21,95,50), (66,62,82,24,26,116,27,119,112,44,38), (92,111,104,70,15,41,42,2,65,63,90), (120,33,45,12,59,115,108,56,87,22,36)
770052
(110,18,105,32,5,91,58,100,46,48,60), (80,78,114,51,98,6,37,75,77,74,102), (117,99,29,118,11,4,54,20,47,88,64), (30,81,28,97,3,89,19,35,69,106,13), (96,76,85,7,41,9,101,107,17,52,23), (43,25,71,79,94,1,73,109,86,113,84), (16,40,49,10,67,61,8,93,83,55,72), (68,14,53,121,103,34,31,39,21,95,50), (66,62,82,24,26,116,27,119,112,44,38), (92,111,104,70,15,57,42,2,65,63,90), (120,33,45,12,59,115,108,56,87,22,36)
772740
(110,18,105,32,5,91,58,100,46,48,60), (80,78,114,51,98,6,37,75,77,74,102), (117,99,29,118,11,4,54,20,93,88,64), (30,81,28,97,3,89,19,35,69,106,13), (96,76,85,7,41,9,101,107,17,52,23), (43,25,71,79,94,1,73,109,86,113,84), (16,40,49,10,67,61,8,47,83,55,72), (68,14,53,121,103,34,31,39,21,95,50), (66,62,82,24,26,116,27,119,112,44,38), (92,111,104,70,15,57,42,2,65,63,90), (120,33,45,12,59,115,108,56,87,22,36)
775168
(110,18,105,32,5,91,58,100,46,48,60), (80,78,114,51,98,6,37,75,77,74,102), (117,99,29,118,11,4,23,20,93,88,64), (30,81,28,97,3,89,19,35,69,106,13), (96,76,85,7,41,9,101,107,17,52,54), (43,25,71,79,94,1,73,109,86,113,84), (16,40,49,10,67,61,8,47,83,55,72), (68,14,53,121,103,34,31,39,21,95,50), (66,62,82,24,26,116,27,119,112,44,38), (92,111,104,70,15,57,42,2,65,63,90), (120,33,45,12,59,115,108,56,87,22,36)
777396
(110,18,105,32,5,91,58,100,46,48,60), (80,78,114,51,98,6,37,75,77,74,102), (117,99,29,118,11,4,23,20,93,88,64), (30,81,28,97,3,89,19,35,69,106,13), (96,76,85,7,41,9,101,107,17,52,54), (43,25,71,79,94,1,73,109,86,113,84), (16,40,49,10,67,61,8,47,83,55,72), (68,14,53,121,103,34,31,39,21,95,50), (66,62,82,24,26,59,27,119,112,44,38), (92,111,104,70,15,57,42,2,65,63,90), (120,33,45,12,116,115,108,56,87,22,36)
779576
(110,108,105,32,5,91,58,100,46,48,60), (80,78,114,51,98,6,37,75,77,74,102), (117,99,29,118,11,4,23,20,93,88,64), (30,81,28,97,3,89,19,35,69,106,13), (96,76,85,7,41,9,101,107,17,52,54), (43,25,71,79,94,1,73,109,86,113,84), (16,40,49,10,67,61,8,47,83,55,72), (68,14,53,121,103,34,31,39,21,95,50), (66,62,82,24,26,59,27,119,112,44,38), (92,111,104,70,15,57,42,2,65,63,90), (120,33,45,12,116,115,18,56,87,22,36)
782031
(110,108,105,32,5,91,58,100,46,48,60), (80,78,114,51,98,6,37,75,77,74,102), (117,99,29,118,11,4,23,20,93,88,64), (30,81,28,97,3,89,19,35,69,106,13), (96,76,85,7,41,9,101,107,17,52,54), (43,25,71,79,94,1,73,109,86,113,36), (16,40,49,10,67,61,8,47,83,55,72), (68,14,53,121,103,34,31,39,21,95,50), (66,62,82,24,26,59,27,119,112,44,38), (92,111,104,70,15,57,42,2,65,63,90), (120,33,45,12,116,115,18,56,87,22,84)
784371
(110,108,105,32,35,91,58,100,46,48,60), (80,78,114,51,98,6,37,75,77,74,102), (117,99,29,118,11,4,23,20,93,88,64), (30,81,28,97,3,89,19,5,69,106,13), (96,76,85,7,41,9,101,107,17,52,54), (43,25,71,79,94,1,73,109,86,113,36), (16,40,49,10,67,61,8,47,83,55,72), (68,14,53,121,103,34,31,39,21,95,50), (66,62,82,24,26,59,27,119,112,44,38), (92,111,104,70,15,57,42,2,65,63,90), (120,33,45,12,116,115,18,56,87,22,84)
786542
(110,108,105,32,35,91,58,100,46,48,60), (80,78,114,51,98,6,37,75,77,74,102), (117,99,29,118,11,4,23,20,93,88,64), (30,81,28,97,3,89,19,5,69,106,13), (96,76,85,7,41,9,101,107,17,52,54), (43,25,71,79,94,1,73,109,86,113,36), (16,40,49,10,67,61,8,47,83,55,72), (68,14,53,121,103,34,31,39,21,95,50), (66,62,82,24,26,59,27,119,22,44,38), (92,111,104,70,15,57,42,2,65,63,90), (120,33,45,12,116,115,18,56,87,112,84)
788404
(110,108,105,32,35,91,58,100,46,48,60), (80,78,114,51,98,6,37,75,77,74,102), (117,99,29,118,11,4,23,20,93,88,64), (30,81,28,97,3,89,19,5,69,106,13), (96,76,43,7,41,9,101,107,17,52,54), (85,25,71,79,94,1,73,109,86,113,36), (16,40,49,10,67,61,8,47,83,55,72), (68,14,53,121,103,34,31,39,21,95,50), (66,62,82,24,26,59,27,119,22,44,38), (92,111,104,70,15,57,42,2,65,63,90), (120,33,45,12,116,115,18,56,87,112,84)
790284
(110,108,105,32,35,91,58,100,46,48,60), (80,78,114,51,98,6,37,75,77,74,102), (117,99,29,118,11,4,23,20,93,88,64), (30,81,28,97,3,89,19,5,69,106,13), (96,76,43,7,41,9,101,107,17,52,54), (85,25,71,79,94,1,73,109,86,113,36), (16,40,49,10,67,61,8,47,83,55,72), (68,14,53,121,103,2,31,39,21,95,50), (66,62,82,24,26,59,27,119,22,44,38), (92,111,104,70,15,57,42,34,65,63,90), (120,33,45,12,116,115,18,56,87,112,84)
792120
(110,108,105,32,35,91,58,100,46,48,60), (80,78,114,51,98,6,37,75,77,74,102), (117,99,29,118,11,4,23,20,93,88,64), (30,81,28,97,3,89,19,5,69,106,13), (96,76,43,7,41,9,101,107,17,52,54), (85,25,71,79,94,1,73,109,86,10,36), (16,40,49,113,67,61,8,47,83,55,72), (68,14,53,121,103,2,31,39,21,95,50), (66,62,82,24,26,59,27,119,22,44,38), (92,111,104,70,15,57,42,34,65,63,90), (120,33,45,12,116,115,18,56,87,112,84)
793884
(110,108,105,32,35,91,58,100,46,48,60), (80,78,114,51,98,6,37,75,77,74,102), (117,99,29,118,11,4,23,20,93,88,64), (30,81,28,97,3,89,19,5,69,106,13), (96,76,43,7,41,9,101,107,17,52,54), (85,25,71,79,94,1,73,109,86,10,36), (16,40,49,113,67,61,8,47,83,55,72), (68,14,53,121,103,2,31,39,21,95,50), (66,62,82,24,26,59,27,119,22,44,38), (92,111,104,33,15,57,42,34,65,63,90), (120,70,45,12,116,115,18,56,87,112,84)
795586
(110,108,105,32,35,91,58,100,46,48,60), (80,78,114,51,98,6,37,75,77,74,102), (117,99,29,118,11,4,23,20,93,88,64), (30,81,28,97,3,89,19,5,69,106,39), (96,76,43,7,41,9,101,107,17,52,54), (85,25,71,79,94,1,73,109,86,10,36), (16,40,49,113,67,61,8,47,83,55,72), (68,14,53,121,103,2,31,13,21,95,50), (66,62,82,24,26,59,27,119,22,44,38), (92,111,104,33,15,57,42,34,65,63,90), (120,70,45,12,116,115,18,56,87,112,84)
797063
(110,108,105,32,35,91,58,100,46,48,60), (80,78,114,51,98,6,37,75,77,74,102), (117,99,29,118,11,4,23,20,93,88,64), (30,81,28,97,3,89,19,5,69,106,39), (96,76,43,7,41,9,101,107,17,52,54), (85,25,71,79,94,1,73,109,86,10,36), (16,40,49,113,67,61,8,47,83,55,72), (68,14,53,121,103,2,31,13,21,95,50), (66,62,82,24,26,59,27,119,22,44,42), (92,111,104,33,15,57,38,34,65,63,90), (120,70,45,12,116,115,18,56,87,112,84)
798404
(110,108,105,32,35,91,58,100,46,48,60), (80,78,114,51,98,6,37,75,77,74,102), (117,99,29,118,11,4,23,20,93,88,64), (30,81,28,97,3,89,19,5,69,106,39), (96,76,43,7,41,9,101,107,17,52,54), (85,25,71,79,94,1,73,109,86,10,36), (24,40,49,113,67,61,8,47,83,55,72), (68,14,53,121,103,2,31,13,21,95,50), (66,62,82,16,26,59,27,119,22,44,42), (92,111,104,33,15,57,38,34,65,63,90), (120,70,45,12,116,115,18,56,87,112,84)
799711
(110,108,105,32,35,91,58,100,46,48,60), (80,78,114,51,98,6,37,75,77,74,102), (117,99,29,118,11,4,23,20,93,88,40), (30,81,28,97,3,89,19,5,69,106,39), (96,76,43,7,41,9,101,107,17,52,54), (85,25,71,79,94,1,73,109,86,10,36), (24,64,49,113,67,61,8,47,83,55,72), (68,14,53,121,103,2,31,13,21,95,50), (66,62,82,16,26,59,27,119,22,44,42), (92,111,104,33,15,57,38,34,65,63,90), (120,70,45,12,116,115,18,56,87,112,84)
801168
(110,108,105,32,35,91,58,100,46,48,60), (80,78,114,51,98,6,37,12,77,74,102), (117,99,29,118,11,4,23,20,93,88,40), (30,81,28,97,3,89,19,5,69,106,39), (96,76,43,7,41,9,101,107,17,52,54), (85,25,71,79,94,1,73,109,86,10,36), (24,64,49,113,67,61,8,47,83,55,72), (68,14,53,121,103,2,31,13,21,95,50), (66,62,82,16,26,59,27,119,22,44,42), (92,111,104,33,15,57,38,34,65,63,90), (120,70,45,75,116,115,18,56,87,112,84)
802432
(110,108,105,32,35,91,58,100,46,48,60), (80,78,114,51,98,6,37,12,77,72,102), (117,99,29,118,11,4,23,20,93,88,40), (30,81,28,97,3,89,19,5,69,106,39), (96,76,43,7,41,9,101,107,17,52,54), (85,25,71,79,94,1,73,109,86,10,36), (24,64,49,113,67,61,8,47,83,55,74), (68,14,53,121,103,2,31,13,21,95,50), (66,62,82,16,26,59,27,119,22,44,42), (92,111,104,33,15,57,38,34,65,63,90), (120,70,45,75,116,115,18,56,87,112,84)
803684
(110,108,105,32,35,91,58,100,46,48,60), (80,78,114,51,98,6,37,12,77,72,102), (117,99,29,118,11,4,23,20,93,88,40), (30,81,28,97,3,89,19,5,69,106,39), (96,76,43,7,41,9,101,107,17,52,54), (85,25,94,79,71,1,73,109,86,10,36), (24,64,49,113,67,61,8,47,83,55,74), (68,14,53,121,103,2,31,13,21,95,50), (66,62,82,16,26,59,27,119,22,44,42), (92,111,104,33,15,57,38,34,65,63,90), (120,70,45,75,116,115,18,56,87,112,84)
804776
(110,108,105,32,35,91,58,100,46,48,60), (70,78,114,51,98,6,37,12,77,72,102), (117,99,29,118,11,4,23,20,93,88,40), (30,81,28,97,3,89,19,5,69,106,39), (96,76,43,7,41,9,101,107,17,52,54), (85,25,94,79,71,1,73,109,86,10,36), (24,64,49,113,67,61,8,47,83,55,74), (68,14,53,121,103,2,31,13,21,95,50), (66,62,82,16,26,59,27,119,22,44,42), (92,111,104,33,15,57,38,34,65,63,90), (120,80,45,75,116,115,18,56,87,112,84)
805668
(110,108,105,32,35,91,58,100,46,48,60), (70,78,114,51,98,6,37,12,77,72,102), (117,99,29,118,11,4,23,20,93,88,40), (30,81,28,97,3,89,19,5,69,106,39), (96,76,43,7,41,9,101,107,17,52,54), (85,25,94,79,71,1,73,109,86,10,36), (24,64,49,113,67,61,83,47,8,55,74), (68,14,53,121,103,2,31,13,21,95,50), (66,62,82,16,26,59,27,119,22,44,42), (92,111,104,33,15,57,38,34,65,63,90), (120,80,45,75,116,115,18,56,87,112,84)
806508
(110,108,105,32,35,91,58,100,46,48,60), (70,78,114,51,98,6,37,12,77,72,102), (117,99,29,118,11,4,23,20,93,88,40), (30,81,28,97,3,89,19,5,69,106,39), (96,76,43,7,107,9,101,41,17,52,54), (85,25,94,79,71,1,73,109,86,10,36), (24,64,49,113,67,61,83,47,8,55,74), (68,14,53,121,103,2,31,13,21,95,50), (66,62,82,16,26,59,27,119,22,44,42), (92,111,104,33,15,57,38,34,65,63,90), (120,80,45,75,116,115,18,56,87,112,84)
807308
(110,48,105,32,35,91,58,100,46,108,60), (70,78,114,51,98,6,37,12,77,72,102), (117,99,29,118,11,4,23,20,93,88,40), (30,81,28,97,3,89,19,5,69,106,39), (96,76,43,7,107,9,101,41,17,52,54), (85,25,94,79,71,1,73,109,86,10,36), (24,64,49,113,67,61,83,47,8,55,74), (68,14,53,121,103,2,31,13,21,95,50), (66,62,82,16,26,59,27,119,22,44,42), (92,111,104,33,15,57,38,34,65,63,90), (120,80,45,75,116,115,18,56,87,112,84)
808014
(110,48,105,32,35,91,58,100,20,108,60), (70,78,114,51,98,6,37,12,77,72,102), (117,99,29,118,11,4,23,46,93,88,40), (30,81,28,97,3,89,19,5,69,106,39), (96,76,43,7,107,9,101,41,17,52,54), (85,25,94,79,71,1,73,109,86,10,36), (24,64,49,113,67,61,83,47,8,55,74), (68,14,53,121,103,2,31,13,21,95,50), (66,62,82,16,26,59,27,119,22,44,42), (92,111,104,33,15,57,38,34,65,63,90), (120,80,45,75,116,115,18,56,87,112,84)
808762
(110,48,105,32,35,91,58,100,20,108,60), (70,78,114,51,98,6,37,12,77,72,102), (117,99,29,118,11,4,23,46,93,88,40), (30,81,62,97,3,89,19,5,69,106,39), (96,76,43,7,107,9,101,41,17,52,54), (85,25,94,79,71,1,73,109,86,10,36), (24,64,49,113,67,61,83,47,8,55,74), (68,14,53,121,103,2,31,13,21,95,50), (66,28,82,16,26,59,27,119,22,44,42), (92,111,104,33,15,57,38,34,65,63,90), (120,80,45,75,116,115,18,56,87,112,84)
809313
(110,48,105,32,35,91,58,100,20,108,60), (70,78,114,51,98,6,37,12,77,72,102), (117,99,29,118,11,4,23,46,93,88,40), (30,81,62,97,3,89,19,5,69,106,39), (96,76,43,7,107,9,101,41,17,74,54), (85,25,94,79,71,1,73,109,86,10,36), (24,64,49,113,67,61,83,47,8,55,52), (68,14,53,121,103,2,31,13,21,95,50), (66,28,82,16,26,59,27,119,22,44,42), (92,111,104,33,15,57,38,34,65,63,90), (120,80,45,75,116,115,18,56,87,112,84)
809855
(110,48,105,32,35,91,58,100,20,108,60), (70,78,114,51,98,6,37,12,77,72,102), (117,99,29,118,11,4,23,46,93,88,40), (30,81,62,9,3,89,19,5,69,106,39), (96,76,43,7,107,97,101,41,17,74,54), (85,25,94,79,71,1,73,109,86,10,36), (24,64,49,113,67,61,83,47,8,55,52), (68,14,53,121,103,2,31,13,21,95,50), (66,28,82,16,26,59,27,119,22,44,42), (92,111,104,33,15,57,38,34,65,63,90), (120,80,45,75,116,115,18,56,87,112,84)
810351
(110,48,105,76,35,91,58,100,20,108,60), (70,78,114,51,98,6,37,12,77,72,102), (117,99,29,118,11,4,23,46,93,88,40), (30,81,62,9,3,89,19,5,69,106,39), (96,32,43,7,107,97,101,41,17,74,54), (85,25,94,79,71,1,73,109,86,10,36), (24,64,49,113,67,61,83,47,8,55,52), (68,14,53,121,103,2,31,13,21,95,50), (66,28,82,16,26,59,27,119,22,44,42), (92,111,104,33,15,57,38,34,65,63,90), (120,80,45,75,116,115,18,56,87,112,84)
810967
(110,48,105,76,35,91,58,100,20,108,60), (70,78,114,51,98,6,37,12,77,72,102), (117,99,29,118,11,4,23,46,93,88,40), (30,81,62,9,3,89,19,5,69,106,104), (96,32,43,7,107,97,101,41,17,74,54), (85,25,94,79,71,1,73,109,86,10,36), (24,64,49,113,67,61,83,47,8,55,52), (68,14,53,121,103,2,31,13,21,95,50), (66,28,82,16,26,59,27,119,22,44,42), (92,111,39,33,15,57,38,34,65,63,90), (120,80,45,75,116,115,18,56,87,112,84)
811482
(110,48,105,76,35,91,58,100,20,108,60), (70,78,114,51,98,6,37,12,77,72,102), (117,99,29,118,11,4,23,46,93,88,40), (30,81,25,9,3,89,19,5,69,106,104), (96,32,43,7,107,97,101,41,17,74,54), (85,62,94,79,71,1,73,109,86,10,36), (24,64,49,113,67,61,83,47,8,55,52), (68,14,53,121,103,2,31,13,21,95,50), (66,28,82,16,26,59,27,119,22,44,42), (92,111,39,33,15,57,38,34,65,63,90), (120,80,45,75,116,115,18,56,87,112,84)
811937
(110,48,105,76,35,91,58,100,20,108,60), (70,78,114,51,98,6,37,12,77,72,102), (117,99,29,118,11,4,23,46,93,88,40), (30,81,25,9,3,89,19,5,69,106,104), (96,32,43,7,107,97,101,41,17,74,54), (85,62,94,79,71,1,73,109,86,10,36), (24,64,49,113,67,61,83,47,8,55,52), (68,14,53,121,103,2,31,13,21,95,50), (66,28,82,16,26,59,27,119,22,87,42), (92,111,39,33,15,57,38,34,65,63,90), (120,80,45,75,116,115,18,56,44,112,84)
812424
(110,48,105,76,35,91,58,100,88,108,60), (70,78,114,51,98,6,37,12,77,72,102), (117,99,29,118,11,4,23,46,93,20,40), (30,81,25,9,3,89,19,5,69,106,104), (96,32,43,7,107,97,101,41,17,74,54), (85,62,94,79,71,1,73,109,86,10,36), (24,64,49,113,67,61,83,47,8,55,52), (68,14,53,121,103,2,31,13,21,95,50), (66,28,82,16,26,59,27,119,22,87,42), (92,111,39,33,15,57,38,34,65,63,90), (120,80,45,75,116,115,18,56,44,112,84)
812856
(110,48,105,76,35,91,58,100,88,108,60), (70,78,114,119,98,6,37,12,77,72,102), (117,99,29,118,11,4,23,46,93,20,40), (30,81,25,9,3,89,19,5,69,106,104), (96,32,43,7,107,97,101,41,17,74,54), (85,62,94,79,71,1,73,109,86,10,36), (24,64,49,113,67,61,83,47,8,55,52), (68,14,53,121,103,2,31,13,21,95,50), (66,28,82,16,26,59,27,51,22,87,42), (92,111,39,33,15,57,38,34,65,63,90), (120,80,45,75,116,115,18,56,44,112,84)
813259
(110,48,105,76,35,91,58,100,88,108,60), (70,78,114,119,98,6,37,12,77,72,102), (117,99,29,118,11,4,23,46,93,20,40), (30,81,25,9,3,89,19,5,69,106,104), (96,32,43,7,107,97,101,41,17,74,54), (85,62,94,79,71,1,73,109,86,10,36), (24,64,49,113,67,61,83,47,8,55,52), (68,14,53,121,103,2,31,13,21,95,50), (92,28,82,16,26,59,27,51,22,87,42), (66,111,39,33,15,57,38,34,65,63,90), (120,80,45,75,116,115,18,56,44,112,84)
813599
(60,48,105,76,35,91,58,100,88,108,110), (70,78,114,119,98,6,37,12,77,72,102), (117,99,29,118,11,4,23,46,93,20,40), (30,81,25,9,3,89,19,5,69,106,104), (96,32,43,7,107,97,101,41,17,74,54), (85,62,94,79,71,1,73,109,86,10,36), (24,64,49,113,67,61,83,47,8,55,52), (68,14,53,121,103,2,31,13,21,95,50), (92,28,82,16,26,59,27,51,22,87,42), (66,111,39,33,15,57,38,34,65,63,90), (120,80,45,75,116,115,18,56,44,112,84)
814096
(60,88,105,76,35,91,58,100,48,108,110), (70,78,114,119,98,6,37,12,77,72,102), (117,99,29,118,11,4,23,46,93,20,40), (30,81,25,9,3,89,19,5,69,106,104), (96,32,43,7,107,97,101,41,17,74,54), (85,62,94,79,71,1,73,109,86,10,36), (24,64,49,113,67,61,83,47,8,55,52), (68,14,53,121,103,2,31,13,21,95,50), (92,28,82,16,26,59,27,51,22,87,42), (66,111,39,33,15,57,38,34,65,63,90), (120,80,45,75,116,115,18,56,44,112,84)
814507
(60,96,105,76,35,91,58,100,48,108,110), (70,78,114,119,98,6,37,12,77,72,102), (117,99,29,118,11,4,23,46,93,20,40), (30,81,25,9,3,89,19,5,69,106,104), (88,32,43,7,107,97,101,41,17,74,54), (85,62,94,79,71,1,73,109,86,10,36), (24,64,49,113,67,61,83,47,8,55,52), (68,14,53,121,103,2,31,13,21,95,50), (92,28,82,16,26,59,27,51,22,87,42), (66,111,39,33,15,57,38,34,65,63,90), (120,80,45,75,116,115,18,56,44,112,84)
814773
(60,96,105,76,35,91,58,100,48,108,72), (70,78,114,119,98,6,37,12,77,110,102), (117,99,29,118,11,4,23,46,93,20,40), (30,81,25,9,3,89,19,5,69,106,104), (88,32,43,7,107,97,101,41,17,74,54), (85,62,94,79,71,1,73,109,86,10,36), (24,64,49,113,67,61,83,47,8,55,52), (68,14,53,121,103,2,31,13,21,95,50), (92,28,82,16,26,59,27,51,22,87,42), (66,111,39,33,15,57,38,34,65,63,90), (120,80,45,75,116,115,18,56,44,112,84)
815128
(60,96,105,76,35,91,58,100,48,108,72), (70,78,114,119,98,6,37,12,77,110,102), (117,99,29,118,11,121,23,46,93,20,40), (30,81,25,9,3,89,19,5,69,106,104), (88,32,43,7,107,97,101,41,17,74,54), (85,62,94,79,71,1,73,109,86,10,36), (24,64,49,113,67,61,83,47,8,55,52), (68,14,53,4,103,2,31,13,21,95,50), (92,28,82,16,26,59,27,51,22,87,42), (66,111,39,33,15,57,38,34,65,63,90), (120,80,45,75,116,115,18,56,44,112,84)
815374
(60,96,105,76,35,91,58,100,48,108,72), (70,78,114,119,98,6,37,12,77,110,102), (117,24,29,118,11,121,23,46,93,20,40), (30,81,25,9,3,89,19,5,69,106,104), (88,32,43,7,107,97,101,41,17,74,54), (85,62,94,79,71,1,73,109,86,10,36), (99,64,49,113,67,61,83,47,8,55,52), (68,14,53,4,103,2,31,13,21,95,50), (92,28,82,16,26,59,27,51,22,87,42), (66,111,39,33,15,57,38,34,65,63,90), (120,80,45,75,116,115,18,56,44,112,84)
815616
(60,96,105,76,35,91,58,100,48,108,72), (70,78,114,119,98,6,37,12,77,110,102), (117,24,29,118,11,121,23,46,93,20,40), (30,81,25,9,3,89,19,5,69,106,104), (88,32,43,7,107,97,101,41,17,74,54), (85,62,94,79,71,1,73,109,86,10,36), (99,64,49,113,67,61,83,47,8,55,52), (68,14,53,4,103,2,31,13,21,95,50), (92,28,82,16,26,59,27,51,22,87,42), (66,111,39,33,15,57,38,34,65,63,90), (120,80,45,116,75,115,18,56,44,112,84)
815848
(60,96,105,76,35,91,58,100,48,108,72), (70,78,114,119,98,6,37,12,77,110,102), (117,24,29,118,11,121,23,46,93,55,40), (30,81,25,9,3,89,19,5,69,106,104), (88,32,43,7,107,97,101,41,17,74,54), (85,62,94,79,71,1,73,109,86,10,36), (99,64,49,113,67,61,83,47,8,20,52), (68,14,53,4,103,2,31,13,21,95,50), (92,28,82,16,26,59,27,51,22,87,42), (66,111,39,33,15,57,38,34,65,63,90), (120,80,45,116,75,115,18,56,44,112,84)
816072
(60,96,105,76,35,91,58,100,48,108,72), (70,78,114,119,98,6,37,12,77,110,102), (117,24,29,118,11,121,23,46,93,55,40), (30,81,25,9,3,89,19,5,69,106,104), (88,32,43,7,107,97,101,41,17,74,54), (85,62,94,79,71,1,73,109,86,10,36), (99,64,49,113,67,61,83,47,8,20,52), (68,14,53,4,103,2,31,13,21,95,50), (92,28,26,16,82,59,27,51,22,87,42), (66,111,39,33,15,57,38,34,65,63,90), (120,80,45,116,75,115,18,56,44,112,84)
816288
(60,96,105,76,35,91,58,100,48,108,72), (70,78,114,119,98,6,118,12,77,110,102), (117,24,29,37,11,121,23,46,93,55,40), (30,81,25,9,3,89,19,5,69,106,104), (88,32,43,7,107,97,101,41,17,74,54), (85,62,94,79,71,1,73,109,86,10,36), (99,64,49,113,67,61,83,47,8,20,52), (68,14,53,4,103,2,31,13,21,95,50), (92,28,26,16,82,59,27,51,22,87,42), (66,111,39,33,15,57,38,34,65,63,90), (120,80,45,116,75,115,18,56,44,112,84)
816507
(60,96,105,76,35,91,58,100,48,108,72), (70,78,114,119,98,6,118,12,77,110,102), (117,24,29,37,11,121,23,46,93,55,40), (30,81,25,9,3,89,19,5,69,106,104), (88,32,86,7,107,97,101,41,17,74,54), (85,62,94,79,71,1,73,109,43,10,36), (99,64,49,113,67,61,83,47,8,20,52), (68,14,53,4,103,2,31,13,21,95,50), (92,28,26,16,82,59,27,51,22,87,42), (66,111,39,33,15,57,38,34,65,63,90), (120,80,45,116,75,115,18,56,44,112,84)
816715
(60,96,105,76,35,91,58,100,48,108,72), (70,78,114,119,98,6,118,12,77,110,102), (117,24,29,37,11,121,23,46,93,55,40), (30,81,25,9,3,89,19,5,69,106,104), (88,32,86,7,107,97,101,41,17,74,54), (85,62,94,79,71,1,73,109,43,10,36), (99,64,49,113,67,61,83,47,8,20,52), (68,14,53,4,103,2,31,13,21,95,50), (92,111,26,16,82,59,27,51,22,87,42), (66,28,39,33,15,57,38,34,65,63,90), (120,80,45,116,75,115,18,56,44,112,84)
816918
(60,96,105,76,35,91,58,100,48,108,72), (70,78,114,119,98,6,118,12,77,110,102), (117,24,29,37,11,121,23,46,93,55,40), (30,81,25,9,3,89,19,5,106,69,104), (88,32,86,7,107,97,101,41,17,74,54), (85,62,94,79,71,1,73,109,43,10,36), (99,64,49,113,67,61,83,47,8,20,52), (68,14,53,4,103,2,31,13,21,95,50), (92,111,26,16,82,59,27,51,22,87,42), (66,28,39,33,15,57,38,34,65,63,90), (120,80,45,116,75,115,18,56,44,112,84)
817150
(60,96,105,76,35,91,58,100,48,108,72), (70,78,114,119,98,46,118,12,77,110,102), (117,24,29,37,11,121,23,6,93,55,40), (30,81,25,9,3,89,19,5,106,69,104), (88,32,86,7,107,97,101,41,17,74,54), (85,62,94,79,71,1,73,109,43,10,36), (99,64,49,113,67,61,83,47,8,20,52), (68,14,53,4,103,2,31,13,21,95,50), (92,111,26,16,82,59,27,51,22,87,42), (66,28,39,33,15,57,38,34,65,63,90), (120,80,45,116,75,115,18,56,44,112,84)
817334
(60,96,105,76,35,91,58,100,48,108,72), (70,78,114,119,98,46,118,12,77,40,102), (117,24,29,37,11,121,23,6,93,55,110), (30,81,25,9,3,89,19,5,106,69,104), (88,32,86,7,107,97,101,41,17,74,54), (85,62,94,79,71,1,73,109,43,10,36), (99,64,49,113,67,61,83,47,8,20,52), (68,14,53,4,103,2,31,13,21,95,50), (92,111,26,16,82,59,27,51,22,87,42), (66,28,39,33,15,57,38,34,65,63,90), (120,80,45,116,75,115,18,56,44,112,84)
817606
(60,96,105,76,35,91,58,100,48,108,72), (70,78,114,119,98,46,118,12,77,40,102), (117,24,29,37,11,121,23,6,93,55,110), (30,81,25,9,3,89,19,5,106,69,104), (44,32,86,7,107,97,101,41,17,74,54), (85,62,94,79,71,1,73,109,43,10,36), (99,64,49,113,67,61,83,47,8,20,52), (68,14,53,4,103,2,31,13,21,95,50), (92,111,26,16,82,59,27,51,22,87,42), (66,28,39,33,15,57,38,34,65,63,90), (120,80,45,116,75,115,18,56,88,112,84)
817790
(60,96,105,76,35,91,58,100,48,108,72), (70,78,114,119,98,46,118,12,77,40,102), (117,24,29,37,11,121,23,6,93,55,110), (30,81,25,9,3,89,19,5,106,69,104), (44,32,86,7,107,97,101,41,17,74,54), (85,62,94,79,71,1,73,109,43,10,36), (99,64,49,113,67,61,83,47,8,20,52), (68,14,53,4,103,2,31,13,21,95,50), (92,39,26,16,82,59,27,51,22,87,42), (66,28,111,33,15,57,38,34,65,63,90), (120,80,45,116,75,115,18,56,88,112,84)
817985
(60,96,105,76,35,91,58,100,48,108,72), (70,78,117,119,98,46,118,12,77,40,102), (114,24,29,37,11,121,23,6,93,55,110), (30,81,25,9,3,89,19,5,106,69,104), (44,32,86,7,107,97,101,41,17,74,54), (85,62,94,79,71,1,73,109,43,10,36), (99,64,49,113,67,61,83,47,8,20,52), (68,14,53,4,103,2,31,13,21,95,50), (92,39,26,16,82,59,27,51,22,87,42), (66,28,111,33,15,57,38,34,65,63,90), (120,80,45,116,75,115,18,56,88,112,84)
818204
(60,96,105,76,35,91,58,100,48,108,72), (70,78,117,119,98,46,118,12,77,40,102), (114,24,29,37,11,121,23,6,93,55,110), (30,81,25,9,3,89,19,5,106,69,104), (44,32,86,7,107,97,101,41,17,74,54), (85,62,94,79,71,1,73,109,43,10,36), (99,64,49,113,67,61,83,47,8,20,52), (68,14,53,4,103,2,31,13,21,95,50), (92,39,26,27,82,59,16,51,22,87,42), (66,28,111,33,15,57,38,34,65,63,90), (120,80,45,116,75,115,18,56,88,112,84)
818389
(60,96,105,76,35,91,58,100,48,108,72), (70,78,117,119,98,46,118,12,77,40,102), (114,24,29,37,11,121,23,6,93,55,110), (30,81,25,9,3,89,19,5,106,69,104), (44,32,86,7,107,97,101,41,17,74,54), (85,62,94,79,71,1,73,109,43,10,36), (99,64,49,113,67,61,83,47,8,20,52), (68,14,53,4,103,2,31,13,21,50,95), (92,39,26,27,82,59,16,51,22,87,42), (66,28,111,33,15,57,38,34,65,63,90), (120,80,45,116,75,115,18,56,88,112,84)
818549
(60,96,105,76,35,91,58,100,48,108,72), (70,78,117,119,98,46,118,12,77,40,102), (114,24,29,37,11,121,23,6,93,55,110), (30,81,94,9,3,89,19,5,106,69,104), (44,32,86,7,107,97,101,41,17,74,54), (85,62,25,79,71,1,73,109,43,10,36), (99,64,49,113,67,61,83,47,8,20,52), (68,14,53,4,103,2,31,13,21,50,95), (92,39,26,27,82,59,16,51,22,87,42), (66,28,111,33,15,57,38,34,65,63,90), (120,80,45,116,75,115,18,56,88,112,84)
818700
(60,96,105,76,35,91,58,100,48,108,72), (70,78,117,119,98,46,118,12,77,40,102), (114,24,29,37,11,121,23,6,93,55,110), (30,81,94,9,3,89,19,5,106,69,104), (44,32,86,7,107,97,101,41,17,74,54), (85,62,25,79,71,1,73,109,43,10,36), (99,64,49,113,67,61,83,47,8,20,52), (68,14,53,4,103,2,31,13,21,50,95), (92,39,26,27,82,59,16,22,51,87,42), (66,28,111,33,15,57,38,34,65,63,90), (120,80,45,116,75,115,18,56,88,112,84)
818852
(60,96,105,76,35,91,58,100,48,108,72), (70,78,117,119,98,46,118,12,77,40,102), (114,24,29,37,11,121,23,6,93,55,110), (30,81,94,9,3,89,19,5,106,69,104), (44,32,86,7,107,97,101,41,17,74,54), (85,62,25,79,71,1,73,109,43,10,36), (99,64,49,113,67,61,83,47,8,20,52), (68,14,53,4,103,2,31,13,21,50,95), (92,39,26,27,82,59,16,22,51,87,42), (66,45,111,33,15,57,38,34,65,63,90), (120,80,28,116,75,115,18,56,88,112,84)
819057
(60,96,105,76,35,91,58,100,48,108,72), (70,78,117,119,98,46,118,12,77,40,102), (114,24,29,37,11,121,23,6,93,55,110), (30,81,94,9,3,89,19,5,106,69,104), (44,32,86,7,107,97,101,41,17,74,54), (85,62,25,79,71,1,73,109,43,10,36), (99,64,49,113,67,61,83,47,8,20,52), (68,14,53,4,103,2,31,13,21,50,95), (92,39,26,27,82,59,16,22,51,87,42), (66,45,111,33,15,57,38,34,65,63,90), (120,80,56,116,75,115,18,28,88,112,84)
819181
(60,96,105,76,35,91,58,100,48,108,72), (70,78,24,119,98,46,118,12,77,40,102), (114,117,29,37,11,121,23,6,93,55,110), (30,81,94,9,3,89,19,5,106,69,104), (44,32,86,7,107,97,101,41,17,74,54), (85,62,25,79,71,1,73,109,43,10,36), (99,64,49,113,67,61,83,47,8,20,52), (68,14,53,4,103,2,31,13,21,50,95), (92,39,26,27,82,59,16,22,51,87,42), (66,45,111,33,15,57,38,34,65,63,90), (120,80,56,116,75,115,18,28,88,112,84)
819305
(60,96,105,76,35,91,58,100,48,108,72), (70,78,24,119,98,46,118,12,77,40,102), (114,117,29,37,11,121,23,6,93,55,110), (30,81,94,9,3,89,41,5,106,69,104), (44,32,86,7,107,97,101,19,17,74,54), (85,62,25,79,71,1,73,109,43,10,36), (99,64,49,113,67,61,83,47,8,20,52), (68,14,53,4,103,2,31,13,21,50,95), (92,39,26,27,82,59,16,22,51,87,42), (66,45,111,33,15,57,38,34,65,63,90), (120,80,56,116,75,115,18,28,88,112,84)
819425
(60,96,105,76,35,91,58,100,48,108,72), (70,78,24,119,98,46,118,12,77,40,102), (114,117,29,37,11,121,23,6,93,55,110), (30,81,94,9,3,89,41,5,53,69,104), (44,32,86,7,107,97,101,19,17,74,54), (85,62,25,79,71,1,73,109,43,10,36), (99,64,49,113,67,61,83,47,8,20,52), (68,14,106,4,103,2,31,13,21,50,95), (92,39,26,27,82,59,16,22,51,87,42), (66,45,111,33,15,57,38,34,65,63,90), (120,80,56,116,75,115,18,28,88,112,84)
819525
(60,96,105,76,35,91,58,100,48,108,72), (70,78,24,119,98,46,118,12,77,40,102), (114,117,29,37,11,121,23,6,93,55,110), (30,81,94,9,3,89,41,5,53,69,104), (44,32,86,7,107,97,101,19,17,74,54), (85,62,25,79,71,1,73,109,43,10,36), (99,64,49,113,67,61,83,47,8,20,52), (68,14,106,4,103,2,31,13,21,50,95), (92,39,26,27,82,59,16,22,51,87,42), (80,45,111,33,15,57,38,34,65,63,90), (120,66,56,116,75,115,18,28,88,112,84)
819611
(60,96,105,76,35,91,58,100,48,108,72), (70,78,24,119,98,46,118,12,77,40,110), (114,117,29,37,11,121,23,6,93,55,102), (30,81,94,9,3,89,41,5,53,69,104), (44,32,86,7,107,97,101,19,17,74,54), (85,62,25,79,71,1,73,109,43,10,36), (99,64,49,113,67,61,83,47,8,20,52), (68,14,106,4,103,2,31,13,21,50,95), (92,39,26,27,82,59,16,22,51,87,42), (80,45,111,33,15,57,38,34,65,63,90), (120,66,56,116,75,115,18,28,88,112,84)
819691
(60,96,105,76,119,91,58,100,48,108,72), (70,78,24,35,98,46,118,12,77,40,110), (114,117,29,37,11,121,23,6,93,55,102), (30,81,94,9,3,89,41,5,53,69,104), (44,32,86,7,107,97,101,19,17,74,54), (85,62,25,79,71,1,73,109,43,10,36), (99,64,49,113,67,61,83,47,8,20,52), (68,14,106,4,103,2,31,13,21,50,95), (92,39,26,27,82,59,16,22,51,87,42), (80,45,111,33,15,57,38,34,65,63,90), (120,66,56,116,75,115,18,28,88,112,84)
819769
(60,96,105,76,119,91,58,100,48,108,72), (70,78,24,35,98,46,118,12,77,40,110), (114,117,29,37,11,121,23,6,93,55,102), (30,81,94,9,3,89,41,5,53,69,104), (44,32,86,7,107,97,101,19,17,74,54), (85,62,25,79,71,1,73,109,43,10,36), (99,64,49,113,67,61,83,47,8,20,95), (68,14,106,4,103,2,31,13,21,50,52), (92,39,26,27,82,59,16,22,51,87,42), (80,45,111,33,15,57,38,34,65,63,90), (120,66,56,116,75,115,18,28,88,112,84)
819848
(60,96,105,76,119,91,58,100,48,108,72), (70,78,24,35,98,46,118,12,77,40,110), (114,117,29,37,11,121,23,6,93,55,102), (30,32,94,9,3,89,41,5,53,69,104), (44,81,86,7,107,97,101,19,17,74,54), (85,62,25,79,71,1,73,109,43,10,36), (99,64,49,113,67,61,83,47,8,20,95), (68,14,106,4,103,2,31,13,21,50,52), (92,39,26,27,82,59,16,22,51,87,42), (80,45,111,33,15,57,38,34,65,63,90), (120,66,56,116,75,115,18,28,88,112,84)
819921
(60,96,105,76,119,91,58,100,48,108,72), (70,78,24,35,98,46,118,12,77,40,110), (114,117,29,37,11,121,23,6,93,55,102), (30,32,94,9,3,89,41,5,53,69,104), (44,81,86,7,107,97,101,19,17,74,54), (85,62,25,79,71,1,73,109,43,10,36), (99,64,49,2,67,61,83,47,8,20,95), (68,14,106,4,103,113,31,13,21,50,52), (92,39,26,27,82,59,16,22,51,87,42), (80,45,111,33,15,57,38,34,65,63,90), (120,66,56,116,75,115,18,28,88,112,84)
819990
(60,96,105,76,119,91,58,40,48,108,72), (70,78,24,35,98,46,118,12,77,100,110), (114,117,29,37,11,121,23,6,93,55,102), (30,32,94,9,3,89,41,5,53,69,104), (44,81,86,7,107,97,101,19,17,74,54), (85,62,25,79,71,1,73,109,43,10,36), (99,64,49,2,67,61,83,47,8,20,95), (68,14,106,4,103,113,31,13,21,50,52), (92,39,26,27,82,59,16,22,51,87,42), (80,45,111,33,15,57,38,34,65,63,90), (120,66,56,116,75,115,18,28,88,112,84)
820052
(60,96,105,76,24,91,58,40,48,108,72), (70,78,119,35,98,46,118,12,77,100,110), (114,117,29,37,11,121,23,6,93,55,102), (30,32,94,9,3,89,41,5,53,69,104), (44,81,86,7,107,97,101,19,17,74,54), (85,62,25,79,71,1,73,109,43,10,36), (99,64,49,2,67,61,83,47,8,20,95), (68,14,106,4,103,113,31,13,21,50,52), (92,39,26,27,82,59,16,22,51,87,42), (80,45,111,33,15,57,38,34,65,63,90), (120,66,56,116,75,115,18,28,88,112,84)
820122
(60,96,105,76,24,91,58,40,48,108,72), (78,70,119,35,98,46,118,12,77,100,110), (114,117,29,37,11,121,23,6,93,55,102), (30,32,94,9,3,89,41,5,53,69,104), (44,81,86,7,107,97,101,19,17,74,54), (85,62,25,79,71,1,73,109,43,10,36), (99,64,49,2,67,61,83,47,8,20,95), (68,14,106,4,103,113,31,13,21,50,52), (92,39,26,27,82,59,16,22,51,87,42), (80,45,111,33,15,57,38,34,65,63,90), (120,66,56,116,75,115,18,28,88,112,84)
820180
(60,96,105,76,24,91,58,40,48,108,72), (78,70,119,35,98,46,118,12,77,100,110), (114,117,29,37,11,121,23,6,93,55,102), (30,32,94,7,3,89,41,5,53,69,104), (44,81,86,9,107,97,101,19,17,74,54), (85,62,25,79,71,1,73,109,43,10,36), (99,64,49,2,67,61,83,47,8,20,95), (68,14,106,4,103,113,31,13,21,50,52), (92,39,26,27,82,59,16,22,51,87,42), (80,45,111,33,15,57,38,34,65,63,90), (120,66,56,116,75,115,18,28,88,112,84)
820254
(60,96,105,76,24,91,58,40,48,108,72), (78,70,119,35,98,46,118,12,77,100,110), (114,117,29,37,11,121,23,6,93,55,102), (30,32,94,7,3,89,41,5,53,69,104), (44,81,86,9,107,97,101,19,17,74,54), (85,62,25,79,71,1,73,109,43,10,36), (99,64,49,2,67,61,83,47,8,20,95), (68,15,106,4,103,113,31,13,21,50,52), (92,39,26,27,82,59,16,22,51,87,42), (80,45,111,33,14,57,38,34,65,63,90), (120,66,56,116,75,115,18,28,88,112,84)
820431
(60,96,105,76,24,91,58,40,48,108,72), (78,70,119,35,98,46,118,12,77,100,110), (114,117,29,37,11,121,23,6,93,55,102), (30,32,94,7,3,89,41,5,53,69,104), (44,81,86,9,107,97,101,19,17,74,54), (85,62,8,79,71,1,73,109,43,10,36), (99,64,49,2,67,61,83,47,25,20,95), (68,15,106,4,103,113,31,13,21,50,52), (92,39,26,27,82,59,16,22,51,87,42), (80,45,111,33,14,57,38,34,65,63,90), (120,66,56,116,75,115,18,28,88,112,84)
820626
(60,96,105,76,24,91,58,40,48,108,72), (78,70,119,35,98,46,118,12,77,100,110), (114,117,29,37,11,121,23,6,93,55,102), (30,20,94,7,3,89,41,5,53,69,104), (44,81,86,9,107,97,101,19,17,74,54), (85,62,8,79,71,1,73,109,43,10,36), (99,64,49,2,67,61,83,47,25,32,95), (68,15,106,4,103,113,31,13,21,50,52), (92,39,26,27,82,59,16,22,51,87,42), (80,45,111,33,14,57,38,34,65,63,90), (120,66,56,116,75,115,18,28,88,112,84)
820782
(60,96,105,76,40,91,58,24,48,108,72), (78,70,119,35,98,46,118,12,77,100,110), (114,117,29,37,11,121,23,6,93,55,102), (30,20,94,7,3,89,41,5,53,69,104), (44,81,86,9,107,97,101,19,17,74,54), (85,62,8,79,71,1,73,109,43,10,36), (99,64,49,2,67,61,83,47,25,32,95), (68,15,106,4,103,113,31,13,21,50,52), (92,39,26,27,82,59,16,22,51,87,42), (80,45,111,33,14,57,38,34,65,63,90), (120,66,56,116,75,115,18,28,88,112,84)
820938
(60,96,105,76,40,91,58,24,48,108,72), (78,70,119,35,98,46,118,12,77,100,110), (114,117,29,37,11,121,23,6,93,55,102), (30,20,94,7,3,89,41,5,53,69,104), (44,81,86,9,107,97,101,19,17,74,54), (85,62,8,79,71,1,73,109,43,10,36), (99,64,49,2,67,61,83,47,25,32,95), (68,15,106,4,103,113,31,13,21,50,52), (92,39,26,27,82,59,16,22,51,87,42), (80,45,111,33,14,57,38,34,65,63,90), (120,66,56,116,18,115,75,28,88,112,84)
821005
(60,96,105,76,40,91,58,24,48,108,72), (78,70,119,35,98,46,118,12,77,100,110), (114,117,29,37,11,121,23,6,93,55,102), (30,20,94,7,3,89,41,5,53,69,104), (44,81,86,9,107,97,101,19,17,74,54), (85,62,8,79,71,1,73,109,43,10,36), (99,64,49,2,67,61,83,47,25,32,95), (68,15,106,4,103,113,31,13,21,50,52), (92,39,26,27,82,59,16,22,51,87,42), (80,45,111,33,14,57,38,34,65,63,90), (120,66,56,116,18,115,75,28,112,88,84)
821077
(60,96,105,76,40,91,58,24,48,108,72), (78,70,119,35,98,46,118,12,77,100,110), (114,117,29,37,11,121,23,6,93,55,102), (30,20,94,7,3,89,41,5,53,69,104), (44,81,86,9,107,97,101,19,17,74,54), (85,62,8,79,71,1,73,109,43,10,36), (99,64,49,2,67,61,83,47,25,32,95), (68,15,106,4,103,113,31,13,21,50,52), (92,39,26,27,82,59,16,22,51,87,42), (80,45,33,111,14,57,38,34,65,63,90), (120,66,56,116,18,115,75,28,112,88,84)
821174
(60,96,105,76,40,91,58,24,48,108,72), (78,70,119,35,98,46,118,12,77,100,110), (114,117,29,37,11,121,23,6,93,55,102), (30,20,94,7,3,89,41,5,53,69,104), (33,81,86,9,107,97,101,19,17,74,54), (85,62,8,79,71,1,73,109,43,10,36), (99,64,49,2,67,61,83,47,25,32,95), (68,15,106,4,103,113,31,13,21,50,52), (92,39,26,27,82,59,16,22,51,87,42), (80,45,44,111,14,57,38,34,65,63,90), (120,66,56,116,18,115,75,28,112,88,84)
821390
(60,96,105,76,40,91,58,24,48,108,72), (78,70,119,35,98,46,118,12,77,100,110), (114,117,29,37,11,121,23,6,93,55,102), (68,20,94,7,3,89,41,5,53,69,104), (33,81,86,9,107,97,101,19,17,74,54), (85,62,8,79,71,1,73,109,43,10,36), (99,64,49,2,67,61,83,47,25,32,95), (30,15,106,4,103,113,31,13,21,50,52), (92,39,26,27,82,59,16,22,51,87,42), (80,45,44,111,14,57,38,34,65,63,90), (120,66,56,116,18,115,75,28,112,88,84)
821518
(60,96,105,76,40,91,58,24,48,108,72), (78,70,119,35,98,46,118,12,77,100,110), (114,117,29,37,11,121,23,6,93,55,102), (68,20,94,7,3,89,41,5,53,69,104), (33,81,86,9,107,97,101,19,25,74,54), (85,62,8,79,71,1,73,109,43,10,36), (99,64,49,2,67,61,83,47,17,32,95), (30,15,106,4,103,113,31,13,21,50,52), (92,39,26,27,82,59,16,22,51,87,42), (80,45,44,111,14,57,38,34,65,63,90), (120,66,56,116,18,115,75,28,112,88,84)
821589
(60,96,105,76,40,91,58,24,48,108,72), (78,70,119,35,98,46,118,12,77,100,110), (114,117,29,37,11,121,23,6,93,55,102), (68,20,94,7,3,89,41,5,53,69,104), (33,81,86,9,107,97,101,19,25,74,54), (85,62,8,79,71,1,73,109,43,10,36), (99,64,49,2,67,61,83,47,17,32,95), (92,15,106,4,103,113,31,13,21,50,52), (30,39,26,27,82,59,16,22,51,87,42), (80,45,44,111,14,57,38,34,65,63,90), (120,66,56,116,18,115,75,28,112,88,84)
821651
(60,96,105,76,40,91,58,24,48,108,72), (78,70,119,35,98,46,118,12,77,100,110), (114,117,29,37,11,121,23,6,93,55,102), (68,20,94,7,3,89,41,5,53,69,104), (33,81,86,9,107,97,101,19,25,74,54), (85,62,8,79,71,1,73,109,43,10,36), (99,64,49,2,67,61,83,47,17,32,95), (92,15,106,4,103,113,31,13,21,50,52), (30,39,26,27,82,59,16,22,51,87,42), (80,45,44,111,14,18,38,34,65,63,90), (120,66,56,116,57,115,75,28,112,88,84)
821723
(60,96,105,76,40,91,58,24,48,108,72), (78,70,119,35,98,46,118,12,77,100,110), (114,117,29,37,11,121,23,6,93,55,102), (68,20,94,7,3,89,41,5,53,69,104), (33,81,86,9,107,97,101,19,25,74,54), (85,62,8,79,71,1,73,109,43,10,36), (99,64,49,2,67,61,83,47,17,32,95), (92,18,106,4,103,113,31,13,21,50,52), (30,39,26,27,82,59,16,22,51,87,42), (80,45,44,111,14,15,38,34,65,63,90), (120,66,56,116,57,115,75,28,112,88,84)
821818
(60,96,105,40,76,91,58,24,48,108,72), (78,70,119,35,98,46,118,12,77,100,110), (114,117,29,37,11,121,23,6,93,55,102), (68,20,94,7,3,89,41,5,53,69,104), (33,81,86,9,107,97,101,19,25,74,54), (85,62,8,79,71,1,73,109,43,10,36), (99,64,49,2,67,61,83,47,17,32,95), (92,18,106,4,103,113,31,13,21,50,52), (30,39,26,27,82,59,16,22,51,87,42), (80,45,44,111,14,15,38,34,65,63,90), (120,66,56,116,57,115,75,28,112,88,84)
821911
(60,96,105,40,76,91,58,24,48,108,72), (78,70,119,35,98,46,118,12,77,100,110), (114,117,29,37,11,121,23,6,93,55,102), (68,20,94,7,3,89,41,5,53,69,104), (33,81,86,9,107,97,101,19,25,74,54), (85,62,8,79,71,1,73,109,43,10,36), (99,64,49,2,67,61,83,47,17,32,95), (92,18,106,4,103,113,31,13,21,50,52), (30,39,26,27,82,59,16,22,51,87,42), (80,45,57,111,14,15,38,34,65,63,90), (120,66,56,116,44,115,75,28,112,88,84)
821986
(60,96,105,40,76,91,58,100,48,108,72), (78,70,119,35,98,46,118,12,77,24,110), (114,117,29,37,11,121,23,6,93,55,102), (68,20,94,7,3,89,41,5,53,69,104), (33,81,86,9,107,97,101,19,25,74,54), (85,62,8,79,71,1,73,109,43,10,36), (99,64,49,2,67,61,83,47,17,32,95), (92,18,106,4,103,113,31,13,21,50,52), (30,39,26,27,82,59,16,22,51,87,42), (80,45,57,111,14,15,38,34,65,63,90), (120,66,56,116,44,115,75,28,112,88,84)
822052
(60,96,105,40,76,91,58,100,48,108,72), (78,70,119,35,98,46,118,12,77,24,110), (114,117,29,37,11,121,23,6,93,55,102), (68,20,94,7,3,89,41,5,53,69,104), (33,81,86,9,107,97,101,19,25,74,54), (85,62,8,79,71,1,73,109,43,10,36), (99,64,49,2,67,61,83,47,17,32,95), (92,18,106,4,103,113,31,13,21,50,52), (30,39,26,27,82,59,16,22,51,87,42), (80,45,57,111,14,15,38,34,65,63,84), (120,66,56,116,44,115,75,28,112,88,90)
822087
(60,96,105,40,76,91,58,100,48,108,72), (78,70,119,35,98,46,118,12,77,24,110), (114,117,94,37,11,121,23,6,93,55,102), (68,20,29,7,3,89,41,5,53,69,104), (33,81,86,9,107,97,101,19,25,74,54), (85,62,8,79,71,1,73,109,43,10,36), (99,64,49,2,67,61,83,47,17,32,95), (92,18,106,4,103,113,31,13,21,50,52), (30,39,26,27,82,59,16,22,51,87,42), (80,45,57,111,14,15,38,34,65,63,84), (120,66,56,116,44,115,75,28,112,88,90)
822165
(60,96,105,40,76,91,58,100,48,108,72), (78,70,119,35,98,46,118,12,77,24,110), (114,117,94,37,11,121,23,6,93,55,102), (68,20,29,7,3,89,41,5,53,69,104), (33,81,86,9,107,97,101,19,25,74,54), (85,62,8,79,71,1,73,109,43,10,36), (99,64,49,2,67,61,83,13,17,32,95), (92,18,106,4,103,113,31,47,21,50,52), (30,39,26,27,82,59,16,22,51,87,42), (80,45,57,111,14,15,38,34,65,63,84), (120,66,56,116,44,115,75,28,112,88,90)
822237
(60,96,105,40,76,91,58,100,48,108,72), (78,70,119,35,98,46,118,12,77,24,110), (114,117,94,37,11,121,23,6,93,55,102), (68,20,29,7,3,89,41,5,53,69,104), (33,81,86,9,107,97,101,19,25,74,54), (85,62,8,79,71,1,73,109,13,10,36), (99,64,49,2,67,61,83,43,17,32,95), (92,18,106,4,103,113,31,47,21,50,52), (30,39,26,27,82,59,16,22,51,87,42), (80,45,57,111,14,15,38,34,65,63,84), (120,66,56,116,44,115,75,28,112,88,90)
822269
(60,96,105,40,76,91,58,100,48,108,72), (78,70,119,35,98,46,118,12,77,24,110), (114,117,94,37,11,121,23,6,93,55,102), (68,20,29,7,3,89,41,5,53,69,104), (33,81,86,9,107,97,101,19,25,74,54), (85,64,8,79,71,1,73,109,13,10,36), (99,62,49,2,67,61,83,43,17,32,95), (92,18,106,4,103,113,31,47,21,50,52), (30,39,26,27,82,59,16,22,51,87,42), (80,45,57,111,14,15,38,34,65,63,84), (120,66,56,116,44,115,75,28,112,88,90)
822309
(60,96,105,40,76,91,58,100,48,108,72), (78,70,119,35,98,46,118,12,77,24,110), (114,117,94,37,11,121,23,6,93,55,102), (68,20,29,7,3,89,41,5,53,69,104), (33,81,86,9,107,97,101,19,25,74,54), (85,64,8,79,71,1,73,109,13,10,36), (99,62,49,2,67,61,83,43,17,21,95), (92,18,106,4,103,113,31,47,32,50,52), (30,39,26,27,82,59,16,22,51,87,42), (80,45,57,111,14,15,38,34,65,63,84), (120,66,56,116,44,115,75,28,112,88,90)
822365
(60,96,105,40,76,91,58,100,48,108,72), (78,70,85,35,98,46,118,12,77,24,110), (114,117,94,37,11,121,23,6,93,55,102), (68,20,29,7,3,89,41,5,53,69,104), (33,81,86,9,107,97,101,19,25,74,54), (119,64,8,79,71,1,73,109,13,10,36), (99,62,49,2,67,61,83,43,17,21,95), (92,18,106,4,103,113,31,47,32,50,52), (30,39,26,27,82,59,16,22,51,87,42), (80,45,57,111,14,15,38,34,65,63,84), (120,66,56,116,44,115,75,28,112,88,90)
822426
(60,96,105,40,76,91,58,100,48,108,72), (78,70,85,35,98,46,118,12,77,24,110), (114,117,94,37,11,121,23,6,93,55,102), (68,20,29,7,3,89,41,5,53,69,104), (33,81,86,9,107,97,101,19,25,74,54), (119,64,49,79,71,1,73,109,13,10,36), (99,62,8,2,67,61,83,43,17,21,95), (92,18,106,4,103,113,31,47,32,50,52), (30,39,26,27,82,59,16,22,51,87,42), (80,45,57,111,14,15,38,34,65,63,84), (120,66,56,116,44,115,75,28,112,88,90)
822483
(60,96,105,40,76,91,58,100,48,108,72), (78,70,85,35,98,46,118,12,77,24,110), (114,117,94,37,11,121,23,6,93,55,102), (68,20,29,7,3,89,41,5,53,69,104), (33,81,86,9,107,97,101,19,25,74,54), (119,64,49,79,71,1,73,109,13,32,36), (99,62,8,2,67,61,83,43,17,21,95), (92,18,106,4,103,113,31,47,10,50,52), (30,39,26,27,82,59,16,22,51,87,42), (80,45,57,111,14,15,38,34,65,63,84), (120,66,56,116,44,115,75,28,112,88,90)
822549
(60,96,105,70,76,91,58,100,48,108,72), (78,40,85,35,98,46,118,12,77,24,110), (114,117,94,37,11,121,23,6,93,55,102), (68,20,29,7,3,89,41,5,53,69,104), (33,81,86,9,107,97,101,19,25,74,54), (119,64,49,79,71,1,73,109,13,32,36), (99,62,8,2,67,61,83,43,17,21,95), (92,18,106,4,103,113,31,47,10,50,52), (30,39,26,27,82,59,16,22,51,87,42), (80,45,57,111,14,15,38,34,65,63,84), (120,66,56,116,44,115,75,28,112,88,90)
822611
(60,96,70,105,76,91,58,100,48,108,72), (78,40,85,35,98,46,118,12,77,24,110), (114,117,94,37,11,121,23,6,93,55,102), (68,20,29,7,3,89,41,5,53,69,104), (33,81,86,9,107,97,101,19,25,74,54), (119,64,49,79,71,1,73,109,13,32,36), (99,62,8,2,67,61,83,43,17,21,95), (92,18,106,4,103,113,31,47,10,50,52), (30,39,26,27,82,59,16,22,51,87,42), (80,45,57,111,14,15,38,34,65,63,84), (120,66,56,116,44,115,75,28,112,88,90)
822655
(60,96,70,105,76,91,58,100,48,108,72), (78,40,85,35,98,46,118,12,77,24,110), (114,68,94,37,11,121,23,6,93,55,102), (117,20,29,7,3,89,41,5,53,69,104), (33,81,86,9,107,97,101,19,25,74,54), (119,64,49,79,71,1,73,109,13,32,36), (99,62,8,2,67,61,83,43,17,21,95), (92,18,106,4,103,113,31,47,10,50,52), (30,39,26,27,82,59,16,22,51,87,42), (80,45,57,111,14,15,38,34,65,63,84), (120,66,56,116,44,115,75,28,112,88,90)
822703
(60,96,70,105,76,91,58,100,48,108,72), (78,40,85,35,98,46,118,12,77,24,110), (114,68,94,37,11,121,23,6,93,55,102), (117,20,29,7,3,89,41,5,53,69,104), (99,81,86,9,107,97,101,19,25,74,54), (119,64,49,79,71,1,73,109,13,32,36), (33,62,8,2,67,61,83,43,17,21,95), (92,18,106,4,103,113,31,47,10,50,52), (30,39,26,27,82,59,16,22,51,87,42), (80,45,57,111,14,15,38,34,65,63,84), (120,66,56,116,44,115,75,28,112,88,90)
822749
(60,96,70,105,76,91,58,100,48,108,72), (78,40,85,35,98,46,118,12,77,24,110), (114,68,94,37,11,121,23,6,93,55,102), (117,20,29,7,3,89,41,5,53,69,104), (99,81,86,9,107,97,101,19,25,74,54), (33,64,49,79,71,1,73,109,13,32,36), (119,62,8,2,67,61,83,43,17,21,95), (92,18,106,4,103,113,31,47,10,50,52), (30,39,26,27,82,59,16,22,51,87,42), (80,45,57,111,14,15,38,34,65,63,84), (120,66,56,116,44,115,75,28,112,88,90)
822807
(60,96,70,105,76,91,58,100,48,108,72), (78,40,85,35,98,46,118,12,77,24,110), (114,68,94,37,11,121,23,6,93,55,102), (117,20,29,7,3,89,41,5,53,69,104), (99,81,86,9,107,97,101,19,25,74,54), (33,64,49,79,71,1,73,109,13,32,36), (119,62,8,2,67,61,83,43,17,21,95), (92,18,106,4,103,113,31,47,10,50,52), (30,39,14,27,82,59,16,22,51,87,42), (80,45,57,111,26,15,38,34,65,63,84), (120,66,56,116,44,115,75,28,112,88,90)
822845
(60,96,70,105,76,91,58,100,48,108,72), (78,40,85,35,98,46,118,12,77,24,110), (114,68,94,37,11,121,23,6,93,55,102), (117,20,29,7,3,89,41,5,53,69,104), (99,81,86,9,107,97,101,19,25,74,54), (33,64,49,79,71,1,73,109,13,32,36), (119,62,8,2,67,61,83,43,17,21,95), (92,18,106,4,103,113,31,47,10,50,52), (30,39,14,27,82,59,16,38,51,87,42), (80,45,57,111,26,15,22,34,65,63,84), (120,66,56,116,44,115,75,28,112,88,90)
822873
(60,96,70,105,76,91,58,100,48,108,72), (78,40,85,35,98,46,118,12,77,104,110), (114,68,94,37,11,121,23,6,93,55,102), (117,20,29,7,3,89,41,5,53,69,24), (99,81,86,9,107,97,101,19,25,74,54), (33,64,49,79,71,1,73,109,13,32,36), (119,62,8,2,67,61,83,43,17,21,95), (92,18,106,4,103,113,31,47,10,50,52), (30,39,14,27,82,59,16,38,51,87,42), (80,45,57,111,26,15,22,34,65,63,84), (120,66,56,116,44,115,75,28,112,88,90)
822901
(60,96,70,105,76,91,58,100,48,108,72), (78,40,85,35,98,46,118,12,77,104,110), (114,68,94,37,11,121,23,6,93,55,102), (99,20,29,7,3,89,41,5,53,69,24), (117,81,86,9,107,97,101,19,25,74,54), (33,64,49,79,71,1,73,109,13,32,36), (119,62,8,2,67,61,83,43,17,21,95), (92,18,106,4,103,113,31,47,10,50,52), (30,39,14,27,82,59,16,38,51,87,42), (80,45,57,111,26,15,22,34,65,63,84), (120,66,56,116,44,115,75,28,112,88,90)
822927
(60,96,70,105,76,91,58,100,48,108,72), (78,40,85,35,98,46,118,12,77,104,110), (114,68,94,37,11,121,23,6,93,55,102), (99,20,29,7,3,89,41,5,53,69,24), (117,81,86,9,107,97,101,19,25,74,54), (33,64,49,79,71,1,73,109,13,32,36), (119,62,8,2,67,61,83,43,17,21,95), (92,18,106,4,103,113,31,47,10,50,52), (30,39,14,27,82,59,16,38,51,87,42), (80,45,57,111,26,15,22,34,65,63,84), (120,66,56,116,44,75,115,28,112,88,90)
822991
(60,96,70,100,76,91,58,105,48,108,72), (78,40,85,35,98,46,118,12,77,104,110), (114,68,94,37,11,121,23,6,93,55,102), (99,20,29,7,3,89,41,5,53,69,24), (117,81,86,9,107,97,101,19,25,74,54), (33,64,49,79,71,1,73,109,13,32,36), (119,62,8,2,67,61,83,43,17,21,95), (92,18,106,4,103,113,31,47,10,50,52), (30,39,14,27,82,59,16,38,51,87,42), (80,45,57,111,26,15,22,34,65,63,84), (120,66,56,116,44,75,115,28,112,88,90)
823054
(60,96,70,100,76,91,58,105,48,108,72), (78,40,85,35,98,46,118,12,77,104,110), (114,68,94,37,11,121,23,6,93,55,102), (99,20,29,7,3,89,41,5,53,69,24), (117,81,86,9,107,97,101,19,25,74,54), (33,64,49,79,71,1,73,109,13,32,36), (119,62,8,2,67,61,83,43,17,21,95), (92,18,106,4,103,113,31,47,10,50,52), (30,39,14,27,82,59,16,38,51,87,42), (80,45,57,111,26,15,22,34,65,63,84), (120,66,56,116,28,75,115,44,112,88,90)
823154
(60,96,70,100,76,91,58,105,48,108,72), (78,40,85,77,98,46,118,12,35,104,110), (114,68,94,37,11,121,23,6,93,55,102), (99,20,29,7,3,89,41,5,53,69,24), (117,81,86,9,107,97,101,19,25,74,54), (33,64,49,79,71,1,73,109,13,32,36), (119,62,8,2,67,61,83,43,17,21,95), (92,18,106,4,103,113,31,47,10,50,52), (30,39,14,27,82,59,16,38,51,87,42), (80,45,57,111,26,15,22,34,65,63,84), (120,66,56,116,28,75,115,44,112,88,90)
823200
(60,96,70,100,76,91,58,105,48,108,72), (78,40,85,77,98,46,118,12,35,104,110), (114,68,94,37,11,121,23,6,93,55,102), (99,20,29,7,3,89,41,5,53,69,24), (117,81,86,9,107,97,101,19,25,74,54), (33,64,49,79,71,1,73,109,13,32,36), (119,62,8,2,67,61,83,43,17,21,95), (92,18,106,4,103,113,31,47,10,50,52), (30,39,14,27,82,59,16,38,51,87,42), (80,45,57,111,15,26,22,34,65,63,84), (120,66,56,116,28,75,115,44,112,88,90)
823232
(60,96,70,100,76,91,58,105,48,108,72), (78,40,85,77,98,46,118,12,35,104,110), (114,68,94,37,11,23,121,6,93,55,102), (99,20,29,7,3,89,41,5,53,69,24), (117,81,86,9,107,97,101,19,25,74,54), (33,64,49,79,71,1,73,109,13,32,36), (119,62,8,2,67,61,83,43,17,21,95), (92,18,106,4,103,113,31,47,10,50,52), (30,39,14,27,82,59,16,38,51,87,42), (80,45,57,111,15,26,22,34,65,63,84), (120,66,56,116,28,75,115,44,112,88,90)
823262
(60,96,70,100,76,91,58,105,48,108,72), (78,40,85,77,98,46,118,12,35,104,110), (114,68,94,37,11,23,121,6,93,55,102), (99,20,29,7,3,89,41,5,53,69,24), (117,81,86,9,107,97,101,25,19,74,54), (33,64,49,79,71,1,73,109,13,32,36), (119,62,8,2,67,61,83,43,17,21,95), (92,18,106,4,103,113,31,47,10,50,52), (30,39,14,27,82,59,16,38,51,87,42), (80,45,57,111,15,26,22,34,65,63,84), (120,66,56,116,28,75,115,44,112,88,90)
823284
(60,96,70,100,76,91,58,105,48,108,72), (78,40,85,77,98,46,118,12,35,104,110), (114,68,94,37,11,23,121,6,93,55,102), (99,20,29,7,3,89,41,5,53,69,24), (117,81,86,9,107,97,101,25,19,74,54), (33,64,49,79,71,1,73,109,13,32,36), (119,62,8,2,67,61,83,43,17,21,95), (92,18,106,4,103,113,31,47,10,50,52), (30,39,14,27,82,59,16,38,51,87,42), (80,45,57,111,15,26,22,34,65,63,84), (120,66,56,116,75,28,115,44,112,88,90)
823308
(60,96,70,100,76,91,58,105,48,108,72), (78,40,77,85,98,46,118,12,35,104,110), (114,68,94,37,11,23,121,6,93,55,102), (99,20,29,7,3,89,41,5,53,69,24), (117,81,86,9,107,97,101,25,19,74,54), (33,64,49,79,71,1,73,109,13,32,36), (119,62,8,2,67,61,83,43,17,21,95), (92,18,106,4,103,113,31,47,10,50,52), (30,39,14,27,82,59,16,38,51,87,42), (80,45,57,111,15,26,22,34,65,63,84), (120,66,56,116,75,28,115,44,112,88,90)
823366
(60,96,70,100,76,91,58,105,48,108,72), (78,40,77,85,98,46,118,12,35,104,110), (114,68,94,37,11,23,121,6,93,55,102), (99,20,29,7,3,89,41,5,53,69,24), (117,81,86,9,107,97,101,25,19,74,54), (33,64,49,79,71,1,73,109,13,32,36), (119,62,8,2,67,61,83,43,17,21,95), (92,18,106,4,103,113,31,47,10,50,52), (30,39,14,27,82,59,16,38,51,87,42), (80,45,57,111,15,26,34,22,65,63,84), (120,66,56,116,75,28,115,44,112,88,90)
823385
(60,96,70,100,76,91,58,105,48,108,72), (78,40,77,85,98,118,46,12,35,104,110), (114,68,94,37,11,23,121,6,93,55,102), (99,20,29,7,3,89,41,5,53,69,24), (117,81,86,9,107,97,101,25,19,74,54), (33,64,49,79,71,1,73,109,13,32,36), (119,62,8,2,67,61,83,43,17,21,95), (92,18,106,4,103,113,31,47,10,50,52), (30,39,14,27,82,59,16,38,51,87,42), (80,45,57,111,15,26,34,22,65,63,84), (120,66,56,116,75,28,115,44,112,88,90)
823397
(60,96,70,100,76,91,58,105,48,108,72), (78,40,77,85,98,118,46,12,35,104,110), (114,68,94,37,23,11,121,6,93,55,102), (99,20,29,7,3,89,41,5,53,69,24), (117,81,86,9,107,97,101,25,19,74,54), (33,64,49,79,71,1,73,109,13,32,36), (119,62,8,2,67,61,83,43,17,21,95), (92,18,106,4,103,113,31,47,10,50,52), (30,39,14,27,82,59,16,38,51,87,42), (80,45,57,111,15,26,34,22,65,63,84), (120,66,56,116,75,28,115,44,112,88,90)
823406
(60,96,70,100,76,91,58,105,48,108,72), (78,40,77,85,98,118,46,12,35,104,110), (114,68,94,37,23,11,121,6,93,55,102), (99,20,29,7,3,89,41,5,53,69,24), (117,81,86,9,107,97,101,25,19,74,54), (33,64,49,79,71,1,73,109,13,32,36), (119,62,8,2,67,61,83,43,17,21,95), (92,18,106,4,103,113,31,47,10,87,52), (30,39,14,27,82,59,16,38,51,50,42), (80,45,57,111,15,26,34,22,65,63,84), (120,66,56,116,75,28,115,44,112,88,90)
823444
(60,96,70,100,76,91,87,105,48,108,72), (78,40,77,85,98,118,46,12,35,104,110), (114,68,94,37,23,11,121,6,93,55,102), (99,20,29,7,3,89,41,5,53,69,24), (117,81,86,9,107,97,101,25,19,74,54), (33,64,49,79,71,1,73,109,13,32,36), (119,62,8,2,67,61,83,43,17,21,95), (92,18,106,4,103,113,31,47,10,58,52), (30,39,14,27,82,59,16,38,51,50,42), (80,45,57,111,15,26,34,22,65,63,84), (120,66,56,116,75,28,115,44,112,88,90)
823591
(60,96,70,100,76,91,87,105,48,108,72), (78,40,77,85,98,118,46,12,35,104,110), (114,68,94,37,23,11,121,6,93,55,102), (99,20,29,7,3,89,41,5,53,69,24), (117,81,86,4,107,97,101,25,19,74,54), (33,64,49,79,71,1,73,109,13,32,36), (119,62,8,2,67,61,83,43,17,21,95), (92,18,106,9,103,113,31,47,10,58,52), (30,39,14,27,82,59,16,38,51,50,42), (80,45,57,111,15,26,34,22,65,63,84), (120,66,56,116,75,28,115,44,112,88,90)
823628
(60,96,70,100,76,91,87,105,48,108,72), (78,40,77,85,98,118,46,12,35,104,110), (114,68,94,37,23,11,121,6,93,55,102), (99,20,86,7,3,89,41,5,53,69,24), (117,81,29,4,107,97,101,25,19,74,54), (33,64,49,79,71,1,73,109,13,32,36), (119,62,8,2,67,61,83,43,17,21,95), (92,18,106,9,103,113,31,47,10,58,52), (30,39,14,27,82,59,16,38,51,50,42), (80,45,57,111,15,26,34,22,65,63,84), (120,66,56,116,75,28,115,44,112,88,90)
823664
(60,96,70,100,76,91,87,105,48,108,72), (78,40,77,85,98,118,46,12,35,104,110), (114,68,94,37,23,11,121,6,93,55,102), (99,20,86,7,3,89,41,5,53,69,24), (117,81,29,4,107,97,101,25,19,74,54), (33,64,49,79,71,1,73,109,13,32,36), (119,62,8,2,67,61,83,43,17,58,95), (92,18,106,9,103,113,31,47,10,21,52), (30,39,14,27,82,59,16,38,51,50,42), (80,45,57,111,15,26,34,22,65,63,84), (120,66,56,116,75,28,115,44,112,88,90)
823680
(60,96,70,100,76,91,87,105,48,108,72), (78,40,77,85,98,118,46,12,35,104,110), (114,68,94,37,7,11,121,6,93,55,102), (99,20,86,23,3,89,41,5,53,69,24), (117,81,29,4,107,97,101,25,19,74,54), (33,64,49,79,71,1,73,109,13,32,36), (119,62,8,2,67,61,83,43,17,58,95), (92,18,106,9,103,113,31,47,10,21,52), (30,39,14,27,82,59,16,38,51,50,42), (80,45,57,111,15,26,34,22,65,63,84), (120,66,56,116,75,28,115,44,112,88,90)
823706
(60,96,70,100,76,91,35,105,48,108,72), (78,40,77,85,98,118,46,12,87,104,110), (114,68,94,37,7,11,121,6,93,55,102), (99,20,86,23,3,89,41,5,53,69,24), (117,81,29,4,107,97,101,25,19,74,54), (33,64,49,79,71,1,73,109,13,32,36), (119,62,8,2,67,61,83,43,17,58,95), (92,18,106,9,103,113,31,47,10,21,52), (30,39,14,27,82,59,16,38,51,50,42), (80,45,57,111,15,26,34,22,65,63,84), (120,66,56,116,75,28,115,44,112,88,90)
823812
(60,96,70,100,76,91,35,105,48,108,72), (78,40,77,85,98,118,46,12,87,104,110), (114,68,94,37,7,11,121,6,93,55,102), (99,20,86,23,3,89,41,5,53,69,24), (117,81,29,4,107,97,101,25,19,74,54), (33,64,49,79,71,1,73,109,13,32,36), (119,62,8,2,67,61,83,43,17,58,95), (92,18,106,9,103,113,31,47,10,21,52), (30,39,14,27,82,59,16,38,51,50,42), (80,116,57,111,15,26,34,22,65,63,84), (120,66,56,45,75,28,115,44,112,88,90)
823833
(60,96,70,100,76,91,35,105,48,108,72), (78,40,77,85,98,118,46,12,87,104,110), (114,68,94,37,7,11,121,6,93,55,102), (99,20,86,23,3,89,41,5,53,69,24), (117,81,29,4,107,97,101,25,19,74,54), (33,64,49,79,71,1,73,109,13,32,36), (119,62,27,2,67,61,83,43,17,58,95), (92,18,106,9,103,113,31,47,10,21,52), (30,39,14,8,82,59,16,38,51,50,42), (80,116,57,111,15,26,34,22,65,63,84), (120,66,56,45,75,28,115,44,112,88,90)
823858
(60,96,70,100,76,91,35,105,48,108,72), (78,40,77,85,98,118,46,12,87,104,110), (114,68,94,37,7,11,121,6,93,55,102), (99,20,86,23,3,89,41,5,53,69,24), (117,64,29,4,107,97,101,25,19,74,54), (33,81,49,79,71,1,73,109,13,32,36), (119,62,27,2,67,61,83,43,17,58,95), (92,18,106,9,103,113,31,47,10,21,52), (30,39,14,8,82,59,16,38,51,50,42), (80,116,57,111,15,26,34,22,65,63,84), (120,66,56,45,75,28,115,44,112,88,90)
823882
(60,96,70,100,76,91,35,105,48,108,72), (78,40,77,85,98,118,46,12,87,104,110), (114,68,94,37,7,11,121,6,93,55,102), (99,20,86,23,3,89,41,5,53,69,24), (117,64,29,4,107,97,101,25,19,74,54), (33,81,49,79,71,1,73,109,13,32,36), (119,62,27,2,67,61,83,43,17,58,95), (92,18,106,9,103,113,31,47,10,21,52), (30,39,14,82,8,59,16,38,51,50,42), (80,116,57,111,15,26,34,22,65,63,84), (120,66,56,45,75,28,115,44,112,88,90)
823890
(60,96,70,100,76,91,35,105,48,108,72), (78,40,77,85,98,118,46,12,87,104,110), (114,68,94,37,7,11,121,6,93,55,102), (99,20,86,23,3,89,41,5,53,69,24), (117,64,29,4,107,97,101,25,19,74,36), (33,81,49,79,71,1,73,109,13,32,54), (119,62,27,2,67,61,83,43,17,58,95), (92,18,106,9,103,113,31,47,10,21,52), (30,39,14,82,8,59,16,38,51,50,42), (80,116,57,111,15,26,34,22,65,63,84), (120,66,56,45,75,28,115,44,112,88,90)
823910
(72,96,112,55,115,39,91,28,56,84,90), (110,48,95,111,38,59,106,64,68,42,60), (102,85,12,62,13,47,121,16,15,45,99), (117,50,6,5,4,113,2,11,23,75,30), (24,58,29,41,67,107,83,43,19,46,116), (36,22,25,109,1,71,61,101,8,14,33), (76,32,86,49,73,79,103,89,82,93,119), (63,21,10,37,31,97,3,7,17,74,52), (78,69,51,26,53,9,27,81,98,57,104), (70,44,35,18,94,118,34,87,20,40,66), (108,105,88,92,77,65,100,54,114,80,120)
823962
(72,96,112,55,115,39,91,28,56,84,90), (110,48,95,111,38,59,106,14,68,42,60), (102,85,12,62,13,47,121,16,15,45,99), (117,50,6,5,4,113,2,11,23,75,30), (24,58,29,41,67,107,83,43,19,46,116), (36,22,25,109,1,71,61,101,8,64,33), (76,32,86,49,73,79,103,89,82,93,119), (63,21,10,37,31,97,3,7,17,74,52), (78,69,51,26,53,9,27,81,98,57,104), (70,44,35,18,94,118,34,87,20,40,66), (108,105,88,92,77,65,100,54,114,80,120)
824106
(72,96,112,55,115,39,91,28,56,84,90), (110,48,95,111,38,59,106,14,68,42,60), (102,85,12,62,13,47,121,16,15,45,99), (117,50,6,5,4,113,2,11,23,75,30), (24,58,29,41,67,107,83,43,19,46,116), (36,22,25,109,1,71,61,101,8,64,33), (76,32,86,9,73,79,103,89,82,93,119), (63,21,10,37,31,97,3,7,17,74,52), (78,69,51,26,53,49,27,81,98,57,104), (70,44,35,18,94,118,34,87,20,40,66), (108,105,88,92,77,65,100,54,114,80,120)
824151
(72,96,112,55,115,39,91,28,56,84,90), (110,48,95,111,38,59,106,14,68,42,60), (102,85,12,62,16,47,121,13,15,45,99), (117,50,6,5,4,113,2,11,23,75,30), (24,58,29,41,67,107,83,43,19,46,116), (36,22,25,109,1,71,61,101,8,64,33), (76,32,86,9,73,79,103,89,82,93,119), (63,21,10,37,31,97,3,7,17,74,52), (78,69,51,26,53,49,27,81,98,57,104), (70,44,35,18,94,118,34,87,20,40,66), (108,105,88,92,77,65,100,54,114,80,120)
824179
(72,96,112,55,115,39,91,28,56,84,90), (110,48,95,111,38,59,106,14,68,42,60), (102,85,12,62,16,47,13,121,15,45,99), (117,50,6,5,4,113,2,11,23,75,30), (24,58,29,41,67,107,83,43,19,46,116), (36,22,25,109,1,71,61,101,8,64,33), (76,32,86,9,73,79,103,89,82,93,119), (63,21,10,37,31,97,3,7,17,74,52), (78,69,51,26,53,49,27,81,98,57,104), (70,44,35,18,94,118,34,87,20,40,66), (108,105,88,92,77,65,100,54,114,80,120)
824226
(72,96,112,55,115,39,91,28,56,84,90), (110,48,95,111,38,59,106,14,68,42,60), (102,85,12,62,16,47,13,121,15,45,99), (117,50,6,5,4,113,2,11,23,75,30), (24,58,29,41,67,107,83,43,19,46,116), (36,22,25,109,1,71,61,101,8,64,33), (76,32,86,9,73,79,103,89,82,93,119), (63,21,10,37,31,97,3,7,17,74,52), (78,69,51,26,53,49,27,81,98,57,104), (70,44,35,18,94,118,34,87,20,40,66), (108,88,105,92,77,65,100,54,114,80,120)
824251
(72,96,112,55,115,39,91,28,56,84,90), (110,48,95,111,38,59,106,14,68,42,60), (102,85,12,62,16,47,13,121,15,45,99), (117,50,6,5,4,113,2,11,23,75,30), (24,58,29,41,67,107,83,43,19,46,116), (36,22,25,109,1,71,61,101,8,64,33), (76,32,86,9,73,79,103,89,82,93,119), (63,21,10,37,31,97,3,7,17,74,52), (78,69,51,26,53,49,27,81,98,57,104), (70,44,35,18,94,118,34,87,20,40,66), (108,88,105,92,77,65,54,100,114,80,120)
824271
(72,96,112,55,115,39,91,28,56,84,90), (110,48,95,111,38,59,106,14,68,42,60), (102,85,12,62,16,47,13,121,75,45,99), (117,50,6,5,4,113,2,11,23,15,30), (24,58,29,41,67,107,83,43,19,46,116), (36,22,25,109,1,71,61,101,8,64,33), (76,32,86,9,73,79,103,89,82,93,119), (63,21,10,37,31,97,3,7,17,74,52), (78,69,51,26,53,49,27,81,98,57,104), (70,44,35,18,94,118,34,87,20,40,66), (108,88,105,92,77,65,54,100,114,80,120)
824291
(72,96,112,55,115,39,91,28,56,84,90), (110,48,95,111,38,59,106,14,68,42,60), (102,85,12,62,16,47,13,121,75,45,99), (117,50,6,5,4,113,2,11,23,15,30), (24,58,29,41,67,107,83,43,19,46,116), (36,22,25,109,1,71,61,101,8,64,33), (76,32,86,9,73,79,103,89,82,93,119), (63,21,10,37,31,97,3,7,27,74,52), (78,69,51,26,53,49,17,81,98,57,104), (70,44,35,18,94,118,34,87,20,40,66), (108,88,105,92,77,65,54,100,114,80,120)
824371
(72,96,112,55,115,39,91,28,56,84,90), (110,48,95,111,38,59,106,14,68,42,60), (102,85,12,62,16,47,13,121,75,45,99), (117,50,6,5,4,113,2,11,23,15,30), (24,58,29,41,67,107,83,43,19,46,116), (36,22,25,109,1,71,61,101,8,64,33), (76,32,86,9,73,79,103,89,82,93,119), (63,21,10,37,31,97,3,17,27,74,52), (78,69,51,26,53,49,7,81,98,57,104), (70,44,35,18,94,118,34,87,20,40,66), (108,88,105,92,77,65,54,100,114,80,120)
824389
(72,96,112,55,115,39,91,28,56,84,90), (110,48,95,111,38,59,106,14,68,42,60), (102,85,12,62,16,13,47,121,75,45,99), (117,50,6,5,4,113,2,11,23,15,30), (24,58,29,41,67,107,83,43,19,46,116), (36,22,25,109,1,71,61,101,8,64,33), (76,32,86,9,73,79,103,89,82,93,119), (63,21,10,37,31,97,3,17,27,74,52), (78,69,51,26,53,49,7,81,98,57,104), (70,44,35,18,94,118,34,87,20,40,66), (108,88,105,92,77,65,54,100,114,80,120)
824443
(72,96,112,55,115,39,91,28,56,84,90), (110,48,95,111,38,59,106,14,68,42,60), (102,85,12,62,16,13,47,121,75,45,99), (117,50,6,5,4,113,2,11,23,15,30), (24,58,29,41,67,107,83,43,19,46,116), (36,22,25,109,1,71,61,101,8,64,33), (76,32,86,9,73,79,103,89,82,93,119), (63,21,10,37,31,97,3,17,27,74,52), (78,69,51,94,53,49,7,81,98,57,104), (70,44,35,18,26,118,34,87,20,40,66), (108,88,105,92,77,65,54,100,114,80,120)
824459
(72,96,112,55,115,39,91,28,56,84,90), (110,48,95,111,38,118,106,14,68,42,60), (102,85,12,62,16,13,47,121,75,45,99), (117,50,6,5,4,113,2,11,23,15,30), (24,58,29,41,67,107,83,43,19,46,116), (36,22,25,109,1,71,61,101,8,64,33), (76,32,86,9,73,79,103,89,82,93,119), (63,21,10,37,31,97,3,17,27,74,52), (78,69,51,94,53,49,7,81,98,57,104), (70,44,35,18,26,59,34,87,20,40,66), (108,88,105,92,77,65,54,100,114,80,120)
824489
(72,96,112,55,115,39,91,28,56,84,90), (110,48,95,111,38,118,106,14,68,42,60), (102,85,12,62,16,13,47,121,75,45,99), (117,50,6,5,89,113,2,11,23,15,30), (24,58,29,41,67,107,83,43,19,46,116), (36,22,25,109,1,71,61,101,8,64,33), (76,32,86,9,73,79,103,4,82,93,119), (63,21,10,37,31,97,3,17,27,74,52), (78,69,51,94,53,49,7,81,98,57,104), (70,44,35,18,26,59,34,87,20,40,66), (108,88,105,92,77,65,54,100,114,80,120)
824505
(72,96,112,55,115,39,91,28,56,84,90), (110,48,95,111,38,118,106,14,68,42,60), (102,85,12,62,16,13,11,121,75,45,99), (117,50,6,5,89,113,2,47,23,15,30), (24,58,29,41,67,107,83,43,19,46,116), (36,22,25,109,1,71,61,101,8,64,33), (76,32,86,9,73,79,103,4,82,93,119), (63,21,10,37,31,97,3,17,27,74,52), (78,69,51,94,53,49,7,81,98,57,104), (70,44,35,18,26,59,34,87,20,40,66), (108,88,105,92,77,65,54,100,114,80,120)
824541
(72,96,112,55,115,39,91,28,56,84,90), (110,48,95,111,38,118,106,14,68,42,60), (102,85,12,62,16,13,11,121,75,45,99), (117,50,6,5,89,113,2,47,23,15,30), (24,58,29,41,67,107,83,43,19,46,116), (36,22,25,109,1,71,61,101,8,64,33), (76,32,86,9,73,79,103,4,82,93,119), (63,21,10,37,31,97,3,17,27,74,52), (78,69,51,94,53,49,7,81,98,57,104), (70,44,35,18,26,59,34,87,20,40,66), (108,88,105,92,65,77,54,100,114,80,120)
824559
(72,96,112,55,115,39,91,28,56,84,90), (110,48,95,111,38,118,106,14,68,42,60), (102,85,12,62,16,13,11,121,75,45,99), (117,50,6,5,89,113,2,47,23,15,30), (24,58,29,41,67,107,83,43,19,46,116), (36,22,25,109,1,71,61,101,8,64,33), (76,32,86,9,73,79,103,4,82,93,119), (63,21,94,37,31,97,3,17,27,74,52), (78,69,51,10,53,49,7,81,98,57,104), (70,44,35,18,26,59,34,87,20,40,66), (108,88,105,92,65,77,54,100,114,80,120)
824567
(72,96,112,55,115,39,91,28,56,84,90), (110,48,95,111,38,118,106,14,68,42,60), (102,85,12,62,16,13,11,121,75,45,99), (117,50,6,29,89,113,2,47,23,15,30), (24,58,5,41,67,107,83,43,19,46,116), (36,22,25,109,1,71,61,101,8,64,33), (76,32,86,9,73,79,103,4,82,93,119), (63,21,94,37,31,97,3,17,27,74,52), (78,69,51,10,53,49,7,81,98,57,104), (70,44,35,18,26,59,34,87,20,40,66), (108,88,105,92,65,77,54,100,114,80,120)
824575
(72,96,112,55,115,39,91,28,56,84,90), (110,48,95,111,38,118,106,14,68,42,60), (102,85,12,62,16,13,11,121,75,45,99), (117,50,6,29,89,113,2,47,23,15,30), (24,58,5,41,67,107,83,43,19,46,116), (36,22,25,109,1,71,61,101,8,64,33), (76,32,86,31,73,79,103,4,82,93,119), (63,21,94,37,9,97,3,17,27,74,52), (78,69,51,10,53,49,7,81,98,57,104), (70,44,35,18,26,59,34,87,20,40,66), (108,88,105,92,65,77,54,100,114,80,120)
824580
(72,96,112,55,115,39,91,28,56,84,90), (110,48,95,111,38,118,106,14,68,42,60), (102,85,12,62,16,13,11,121,75,45,99), (117,50,6,29,89,113,2,47,23,15,30), (24,58,5,41,67,107,83,43,19,46,116), (36,22,25,109,1,71,61,101,8,64,33), (76,32,86,31,73,79,103,4,82,74,119), (63,21,94,37,9,97,3,17,27,93,52), (78,69,51,10,53,49,7,81,98,57,104), (70,44,35,18,26,59,34,87,20,40,66), (108,88,105,92,65,77,54,100,114,80,120)