
Starting
19508574
(226,290,320,128,132,39,275,25,230,10,9,127,285,99,278,94,157,30), (231,195,277,260,101,42,293,110,58,318,323,100,183,24,77,21,198,186), (64,57,256,321,144,161,246,167,314,41,233,279,222,263,95,91,221,266), (300,220,111,156,216,139,265,119,268,207,204,123,83,199,192,200,82,140), (153,213,247,35,218,252,86,241,26,89,174,97,170,193,117,322,131,73), (286,182,292,302,152,237,299,5,72,303,259,85,133,151,109,166,147,31), (309,20,134,163,240,202,203,188,29,43,33,113,159,315,22,280,201,168), (115,267,16,282,49,36,13,211,291,187,304,191,47,294,14,244,4,114), (254,154,239,223,162,69,316,225,180,283,194,7,105,271,50,312,276,250), (52,261,249,149,103,88,232,32,146,298,262,98,160,310,148,112,23,306), (46,165,197,255,185,53,136,227,177,305,301,118,270,317,245,145,272,307), (313,178,60,96,228,175,289,319,138,169,71,238,209,92,141,142,311,59), (70,172,215,40,79,150,28,236,54,248,27,2,295,264,212,6,11,189), (196,12,63,55,106,90,269,235,76,93,251,173,158,258,324,125,190,206), (108,297,210,253,56,281,81,243,120,104,78,284,179,17,62,257,61,181), (129,67,18,208,8,68,34,229,107,37,171,219,137,224,130,3,66,143), (308,80,121,217,205,48,75,122,135,288,184,19,51,273,287,102,45,44), (15,242,74,155,176,274,296,116,124,126,38,84,164,1,87,234,214,65)
19812862
(226,290,320,128,132,39,275,25,230,10,9,127,285,99,278,94,180,30), (231,195,277,260,101,42,293,110,58,318,323,100,183,24,77,21,198,186), (64,57,256,321,144,161,246,167,314,41,233,279,222,263,95,91,221,266), (300,220,111,156,216,139,265,119,268,207,204,123,83,199,192,200,82,140), (153,213,247,35,218,252,86,241,26,89,174,97,170,193,117,322,131,73), (286,182,292,302,152,237,299,5,72,303,259,85,133,151,109,166,147,31), (309,20,134,163,240,202,203,188,29,43,33,113,159,315,22,280,201,168), (115,267,16,282,49,36,13,211,291,187,304,191,47,294,14,244,4,114), (254,154,239,223,162,69,316,225,157,283,194,7,105,271,50,312,276,250), (52,261,249,149,103,88,232,32,146,298,262,98,160,310,148,112,23,306), (46,165,197,255,185,53,136,227,177,305,301,118,270,317,245,145,272,307), (313,178,60,96,228,175,289,319,138,169,71,238,209,92,141,142,311,59), (70,172,215,40,79,150,28,236,54,248,27,2,295,264,212,6,11,189), (196,12,63,55,106,90,269,235,76,93,251,173,158,258,324,125,190,206), (108,297,210,253,56,281,81,243,120,104,78,284,179,17,62,257,61,181), (129,67,18,208,8,68,34,229,107,37,171,219,137,224,130,3,66,143), (308,80,121,217,205,48,75,122,135,288,184,19,51,273,287,102,45,44), (15,242,74,155,176,274,296,116,124,126,38,84,164,1,87,234,214,65)
20046620
(252,290,320,128,132,39,275,25,230,10,9,127,285,99,278,94,180,30), (231,195,277,260,101,42,293,110,58,318,323,100,183,24,77,21,198,186), (64,57,256,321,144,161,246,167,314,41,233,279,222,263,95,91,221,266), (300,220,111,156,216,139,265,119,268,207,204,123,83,199,192,200,82,140), (153,213,247,35,218,226,86,241,26,89,174,97,170,193,117,322,131,73), (286,182,292,302,152,237,299,5,72,303,259,85,133,151,109,166,147,31), (309,20,134,163,240,202,203,188,29,43,33,113,159,315,22,280,201,168), (115,267,16,282,49,36,13,211,291,187,304,191,47,294,14,244,4,114), (254,154,239,223,162,69,316,225,157,283,194,7,105,271,50,312,276,250), (52,261,249,149,103,88,232,32,146,298,262,98,160,310,148,112,23,306), (46,165,197,255,185,53,136,227,177,305,301,118,270,317,245,145,272,307), (313,178,60,96,228,175,289,319,138,169,71,238,209,92,141,142,311,59), (70,172,215,40,79,150,28,236,54,248,27,2,295,264,212,6,11,189), (196,12,63,55,106,90,269,235,76,93,251,173,158,258,324,125,190,206), (108,297,210,253,56,281,81,243,120,104,78,284,179,17,62,257,61,181), (129,67,18,208,8,68,34,229,107,37,171,219,137,224,130,3,66,143), (308,80,121,217,205,48,75,122,135,288,184,19,51,273,287,102,45,44), (15,242,74,155,176,274,296,116,124,126,38,84,164,1,87,234,214,65)
20274728
(252,290,320,128,132,39,275,25,230,10,9,127,285,99,278,94,180,30), (231,195,277,260,101,42,293,110,58,318,323,100,183,24,77,21,198,186), (64,57,256,321,144,161,246,167,314,41,233,279,222,263,95,91,221,266), (300,220,111,156,216,139,265,119,268,207,204,123,83,199,192,200,82,140), (153,213,247,35,218,226,86,241,26,89,174,97,170,193,117,322,131,73), (286,182,292,302,152,237,299,5,72,303,259,85,133,151,109,166,147,31), (309,20,134,163,214,202,203,188,29,43,33,113,159,315,22,280,201,168), (115,267,16,282,49,36,13,211,291,187,304,191,47,294,14,244,4,114), (254,154,239,223,162,69,316,225,157,283,194,7,105,271,50,312,276,250), (52,261,249,149,103,88,232,32,146,298,262,98,160,310,148,112,23,306), (46,165,197,255,185,53,136,227,177,305,301,118,270,317,245,145,272,307), (313,178,60,96,228,175,289,319,138,169,71,238,209,92,141,142,311,59), (70,172,215,40,79,150,28,236,54,248,27,2,295,264,212,6,11,189), (196,12,63,55,106,90,269,235,76,93,251,173,158,258,324,125,190,206), (108,297,210,253,56,281,81,243,120,104,78,284,179,17,62,257,61,181), (129,67,18,208,8,68,34,229,107,37,171,219,137,224,130,3,66,143), (308,80,121,217,205,48,75,122,135,288,184,19,51,273,287,102,45,44), (15,242,74,155,176,274,296,116,124,126,38,84,164,1,87,234,240,65)
20465360
(252,290,320,128,132,39,275,25,230,10,9,127,285,99,270,94,180,30), (231,195,277,260,101,42,293,110,58,318,323,100,183,24,77,21,198,186), (64,57,256,321,144,161,246,167,314,41,233,279,222,263,95,91,221,266), (300,220,111,156,216,139,265,119,268,207,204,123,83,199,192,200,82,140), (153,213,247,35,218,226,86,241,26,89,174,97,170,193,117,322,131,73), (286,182,292,302,152,237,299,5,72,303,259,85,133,151,109,166,147,31), (309,20,134,163,214,202,203,188,29,43,33,113,159,315,22,280,201,168), (115,267,16,282,49,36,13,211,291,187,304,191,47,294,14,244,4,114), (254,154,239,223,162,69,316,225,157,283,194,7,105,271,50,312,276,250), (52,261,249,149,103,88,232,32,146,298,262,98,160,310,148,112,23,306), (46,165,197,255,185,53,136,227,177,305,301,118,278,317,245,145,272,307), (313,178,60,96,228,175,289,319,138,169,71,238,209,92,141,142,311,59), (70,172,215,40,79,150,28,236,54,248,27,2,295,264,212,6,11,189), (196,12,63,55,106,90,269,235,76,93,251,173,158,258,324,125,190,206), (108,297,210,253,56,281,81,243,120,104,78,284,179,17,62,257,61,181), (129,67,18,208,8,68,34,229,107,37,171,219,137,224,130,3,66,143), (308,80,121,217,205,48,75,122,135,288,184,19,51,273,287,102,45,44), (15,242,74,155,176,274,296,116,124,126,38,84,164,1,87,234,240,65)
20629050
(252,290,320,128,132,39,275,25,230,10,9,127,285,99,270,94,180,30), (231,195,277,260,101,42,293,110,58,318,323,100,183,24,77,21,198,186), (64,57,256,321,144,161,246,167,314,41,233,279,222,263,95,91,221,266), (300,220,111,156,216,139,265,119,268,207,204,123,83,199,192,200,82,140), (153,213,247,35,218,226,86,241,26,89,174,97,170,193,117,322,131,73), (286,182,292,302,152,237,299,5,72,303,259,85,133,151,109,166,147,31), (309,20,134,163,214,202,203,188,29,43,33,113,159,315,22,280,201,168), (115,267,16,282,49,36,13,211,291,187,304,191,47,294,14,244,4,114), (254,154,239,223,162,69,316,225,157,283,194,7,105,271,50,312,276,250), (52,261,249,149,103,88,232,32,146,298,262,98,181,310,148,112,23,306), (46,165,197,255,185,53,136,227,177,305,301,118,278,317,245,145,272,307), (313,178,60,96,228,175,289,319,138,169,71,238,209,92,141,142,311,59), (70,172,215,40,79,150,28,236,54,248,27,2,295,264,212,6,11,189), (196,12,63,55,106,90,269,235,76,93,251,173,158,258,324,125,190,206), (108,297,210,253,56,281,81,243,120,104,78,284,179,17,62,257,61,160), (129,67,18,208,8,68,34,229,107,37,171,219,137,224,130,3,66,143), (308,80,121,217,205,48,75,122,135,288,184,19,51,273,287,102,45,44), (15,242,74,155,176,274,296,116,124,126,38,84,164,1,87,234,240,65)
20715164
(264,268,208,140,46,1,275,138,150,247,258,89,236,111,288,58,135,231), (270,25,189,234,221,41,263,131,26,199,318,306,227,223,229,56,240,68), (308,305,184,187,145,34,4,203,243,168,186,309,316,105,296,313,100,161), (20,102,79,294,214,75,225,267,265,255,83,322,22,297,52,280,198,286), (63,251,299,177,59,209,167,103,179,64,262,206,249,204,314,149,65,126), (110,115,117,118,324,9,226,241,197,194,220,269,292,134,127,70,284,266), (237,129,175,304,109,156,188,260,256,10,302,181,224,130,28,158,276,169), (291,98,44,69,71,54,278,123,47,183,73,101,114,15,246,151,228,38), (192,193,311,274,170,80,205,230,323,317,137,87,165,78,233,35,201,12), (273,119,97,248,303,257,254,42,3,5,321,99,176,141,144,31,147,53), (60,173,157,191,212,293,86,113,27,242,217,295,17,6,159,195,112,91), (128,48,163,287,172,285,283,93,178,62,196,104,116,202,174,95,146,11), (152,85,2,166,238,319,55,122,24,277,200,96,301,218,124,39,82,153), (222,216,133,36,190,320,310,211,281,77,279,50,88,107,94,61,215,136), (182,312,235,49,298,16,90,250,120,43,18,57,164,185,307,219,290,108), (244,92,106,213,19,207,30,81,84,289,239,23,8,171,261,132,37,300), (315,155,14,245,160,21,259,7,271,282,142,76,45,66,29,162,154,210), (252,148,67,180,125,272,139,143,32,232,13,121,33,74,72,253,40,51)
20865870
(264,268,208,140,46,1,275,138,150,247,258,89,236,111,288,58,135,231), (270,25,189,234,221,41,263,131,26,199,318,306,227,223,229,56,240,68), (308,305,184,187,145,34,4,203,243,168,186,309,316,105,296,313,100,161), (20,102,79,294,214,75,225,267,265,255,83,322,22,297,52,280,198,286), (63,251,299,177,59,209,167,103,179,64,262,206,249,204,314,149,65,126), (110,115,117,118,324,9,226,241,197,194,220,269,292,134,127,70,284,266), (237,129,175,304,109,156,188,67,256,10,302,181,224,130,28,158,276,169), (291,98,44,69,71,54,278,123,47,183,73,101,114,15,246,151,228,38), (192,193,311,274,170,80,205,230,323,317,137,87,165,78,233,35,201,12), (273,119,97,248,303,257,254,42,3,5,321,99,176,141,144,31,147,53), (60,173,157,191,212,293,86,113,27,242,217,295,17,6,159,195,112,91), (128,48,163,287,172,285,283,93,178,62,196,104,116,202,174,95,146,11), (152,85,2,166,238,319,55,122,24,277,200,96,301,218,124,39,82,153), (222,216,133,36,190,320,310,211,281,77,279,50,88,107,94,61,215,136), (182,312,235,49,298,16,90,250,120,43,18,57,164,185,307,219,290,108), (244,92,106,213,19,207,30,81,84,289,239,23,8,171,261,132,37,300), (315,155,14,245,160,21,259,7,271,282,142,76,45,66,29,162,154,210), (252,148,260,180,125,272,139,143,32,232,13,121,33,74,72,253,40,51)
21023426
(264,120,208,140,46,1,275,138,150,247,258,89,236,111,288,58,135,231), (270,25,189,234,221,41,263,131,26,199,318,306,227,223,229,56,240,68), (308,305,184,187,145,34,4,203,243,168,186,309,316,105,296,313,100,161), (20,102,79,294,214,75,225,267,265,255,83,322,22,297,52,280,198,286), (63,251,299,177,59,209,167,103,179,64,262,206,249,204,314,149,65,126), (110,115,117,118,324,9,226,241,197,194,220,269,292,134,127,70,284,266), (237,129,175,304,109,156,188,67,256,10,302,181,224,130,28,158,276,169), (291,98,44,69,71,54,278,123,47,183,73,101,114,15,246,151,228,38), (192,193,311,274,170,80,205,230,323,317,137,87,165,78,233,35,201,12), (273,119,97,248,303,257,254,42,3,5,321,99,176,141,144,31,147,53), (60,173,157,191,212,293,86,113,27,242,217,295,17,6,159,195,112,91), (128,48,163,287,172,285,283,93,178,62,196,104,116,202,174,95,146,11), (152,85,2,166,238,319,55,122,24,277,200,96,301,218,124,39,82,153), (222,216,133,36,190,320,310,211,281,77,279,50,88,107,94,61,215,136), (182,312,235,49,298,16,90,250,268,43,18,57,164,185,307,219,290,108), (244,92,106,213,19,207,30,81,84,289,239,23,8,171,261,132,37,300), (315,155,14,245,160,21,259,7,271,282,142,76,45,66,29,162,154,210), (252,148,260,180,125,272,139,143,32,232,13,121,33,74,72,253,40,51)
21166124
(264,120,208,140,46,1,275,138,150,247,258,89,236,111,288,58,135,231), (270,25,189,234,221,41,263,131,26,199,318,306,227,223,229,56,240,68), (308,305,184,187,145,34,4,203,243,168,186,309,316,105,296,313,100,161), (20,102,79,294,214,75,225,267,265,255,83,322,22,297,52,280,198,286), (63,251,299,177,59,209,167,103,179,64,262,206,249,204,314,149,65,126), (110,115,117,118,324,9,226,241,197,194,220,269,292,134,127,70,284,266), (237,129,175,304,109,37,188,67,256,10,302,181,224,130,28,158,276,169), (291,98,44,69,71,54,278,123,47,183,73,101,114,15,246,151,228,38), (192,193,311,274,170,80,205,230,323,317,137,87,165,78,233,35,201,12), (273,119,97,248,303,257,254,42,3,5,321,99,176,141,144,31,147,53), (60,173,157,191,212,293,86,113,27,242,217,295,17,6,159,195,112,91), (128,48,163,287,172,285,283,93,178,62,196,104,116,202,174,95,146,11), (152,85,2,166,238,319,55,122,24,277,200,96,301,218,124,39,82,153), (222,216,133,36,190,320,310,211,281,77,279,50,88,107,94,61,215,136), (182,312,235,49,298,16,90,250,268,43,18,57,164,185,307,219,290,108), (244,92,106,213,19,207,30,81,84,289,239,23,8,171,261,132,156,300), (315,155,14,245,160,21,259,7,271,282,142,76,45,66,29,162,154,210), (252,148,260,180,125,272,139,143,32,232,13,121,33,74,72,253,40,51)
21304385
(264,120,208,140,46,1,275,138,150,247,258,89,236,111,288,58,135,231), (270,25,189,234,221,41,263,131,26,199,318,306,227,223,229,56,240,68), (308,305,184,187,145,34,4,203,243,168,186,309,316,105,296,313,100,320), (20,102,79,294,214,75,225,267,265,255,83,322,22,297,52,280,198,286), (63,251,299,177,59,209,167,103,179,64,262,206,249,204,314,149,65,126), (110,115,117,118,324,9,226,241,197,194,220,269,292,134,127,70,284,266), (237,129,175,304,109,37,188,67,256,10,302,181,224,130,28,158,276,169), (291,98,44,69,71,54,278,123,47,183,73,101,114,15,246,151,228,38), (192,193,311,274,170,80,205,230,323,317,137,87,165,78,233,35,201,12), (273,119,97,248,303,257,254,42,3,5,321,99,176,141,144,31,147,53), (60,173,157,191,212,293,86,113,27,242,217,295,17,6,159,195,112,91), (128,48,163,287,172,285,283,93,178,62,196,104,116,202,174,95,146,11), (152,85,2,166,238,319,55,122,24,277,200,96,301,218,124,39,82,153), (222,216,133,36,190,161,310,211,281,77,279,50,88,107,94,61,215,136), (182,312,235,49,298,16,90,250,268,43,18,57,164,185,307,219,290,108), (244,92,106,213,19,207,30,81,84,289,239,23,8,171,261,132,156,300), (315,155,14,245,160,21,259,7,271,282,142,76,45,66,29,162,154,210), (252,148,260,180,125,272,139,143,32,232,13,121,33,74,72,253,40,51)
21427474
(264,120,208,140,46,1,275,138,150,247,258,89,236,111,288,58,135,231), (270,324,189,234,221,41,263,131,26,199,318,306,227,223,229,56,240,68), (308,305,184,187,145,34,4,203,243,168,186,309,316,105,296,313,100,320), (20,102,79,294,214,75,225,267,265,255,83,322,22,297,52,280,198,286), (63,251,299,177,59,209,167,103,179,64,262,206,249,204,314,149,65,126), (110,115,117,118,25,9,226,241,197,194,220,269,292,134,127,70,284,266), (237,129,175,304,109,37,188,67,256,10,302,181,224,130,28,158,276,169), (291,98,44,69,71,54,278,123,47,183,73,101,114,15,246,151,228,38), (192,193,311,274,170,80,205,230,323,317,137,87,165,78,233,35,201,12), (273,119,97,248,303,257,254,42,3,5,321,99,176,141,144,31,147,53), (60,173,157,191,212,293,86,113,27,242,217,295,17,6,159,195,112,91), (128,48,163,287,172,285,283,93,178,62,196,104,116,202,174,95,146,11), (152,85,2,166,238,319,55,122,24,277,200,96,301,218,124,39,82,153), (222,216,133,36,190,161,310,211,281,77,279,50,88,107,94,61,215,136), (182,312,235,49,298,16,90,250,268,43,18,57,164,185,307,219,290,108), (244,92,106,213,19,207,30,81,84,289,239,23,8,171,261,132,156,300), (315,155,14,245,160,21,259,7,271,282,142,76,45,66,29,162,154,210), (252,148,260,180,125,272,139,143,32,232,13,121,33,74,72,253,40,51)
21546505
(264,120,208,140,46,1,275,138,150,247,258,89,236,111,288,58,135,231), (270,324,189,234,221,41,263,131,26,199,318,306,227,223,229,56,240,68), (308,305,184,187,145,34,4,203,243,168,186,309,316,105,296,313,100,320), (20,102,79,294,214,75,225,267,265,255,83,322,22,297,52,280,198,286), (63,251,299,177,59,209,167,103,179,64,262,206,249,204,314,149,65,126), (110,115,117,118,25,9,226,241,197,194,220,269,292,134,127,70,284,266), (237,129,175,304,109,37,188,67,256,10,302,181,155,130,28,158,276,169), (291,98,44,69,71,54,278,123,47,183,73,101,114,15,246,151,228,38), (192,193,311,274,170,80,205,230,323,317,137,87,165,78,233,35,201,12), (273,119,97,248,303,257,254,42,3,5,321,99,176,141,144,31,147,53), (60,173,157,191,212,293,86,113,27,242,217,295,17,6,159,195,112,91), (128,48,163,287,172,285,283,93,178,62,196,104,116,202,174,95,146,11), (152,85,2,166,238,319,55,122,24,277,200,96,301,218,124,39,82,153), (222,216,133,36,190,161,310,211,281,77,279,50,88,107,94,61,215,136), (182,312,235,49,298,16,90,250,268,43,18,57,164,185,307,219,290,108), (244,92,106,213,19,207,30,81,84,289,239,23,8,171,261,132,156,300), (315,224,14,245,160,21,259,7,271,282,142,76,45,66,29,162,154,210), (252,148,260,180,125,272,139,143,32,232,13,121,33,74,72,253,40,51)
21663270
(264,120,208,140,46,1,275,138,150,247,258,89,236,111,288,58,135,231), (270,324,189,234,221,41,263,131,26,199,318,306,227,223,229,56,240,68), (308,305,184,187,145,34,4,203,243,168,186,309,316,105,296,313,100,320), (20,102,79,294,214,75,225,267,265,255,83,322,22,297,52,280,198,286), (63,251,299,177,59,209,167,103,179,64,262,206,249,204,314,149,65,126), (110,115,117,118,25,9,226,241,197,194,29,269,292,134,127,70,284,266), (237,129,175,304,109,37,188,67,256,10,302,181,155,130,28,158,276,169), (291,98,44,69,71,54,278,123,47,183,73,101,114,15,246,151,228,38), (192,193,311,274,170,80,205,230,323,317,137,87,165,78,233,35,201,12), (273,119,97,248,303,257,254,42,3,5,321,99,176,141,144,31,147,53), (60,173,157,191,212,293,86,113,27,242,217,295,17,6,159,195,112,91), (128,48,163,287,172,285,283,93,178,62,196,104,116,202,174,95,146,11), (152,85,2,166,238,319,55,122,24,277,200,96,301,218,124,39,82,153), (222,216,133,36,190,161,310,211,281,77,279,50,88,107,94,61,215,136), (182,312,235,49,298,16,90,250,268,43,18,57,164,185,307,219,290,108), (244,92,106,213,19,207,30,81,84,289,239,23,8,171,261,132,156,300), (315,224,14,245,160,21,259,7,271,282,142,76,45,66,220,162,154,210), (252,148,260,180,125,272,139,143,32,232,13,121,33,74,72,253,40,51)
21776870
(264,120,208,140,46,1,275,138,150,247,258,89,236,111,288,168,135,231), (270,324,189,234,221,41,263,131,26,199,318,306,227,223,229,56,240,68), (308,305,184,187,145,34,4,203,243,58,186,309,316,105,296,313,100,320), (20,102,79,294,214,75,225,267,265,255,83,322,22,297,52,280,198,286), (63,251,299,177,59,209,167,103,179,64,262,206,249,204,314,149,65,126), (110,115,117,118,25,9,226,241,197,194,29,269,292,134,127,70,284,266), (237,129,175,304,109,37,188,67,256,10,302,181,155,130,28,158,276,169), (291,98,44,69,71,54,278,123,47,183,73,101,114,15,246,151,228,38), (192,193,311,274,170,80,205,230,323,317,137,87,165,78,233,35,201,12), (273,119,97,248,303,257,254,42,3,5,321,99,176,141,144,31,147,53), (60,173,157,191,212,293,86,113,27,242,217,295,17,6,159,195,112,91), (128,48,163,287,172,285,283,93,178,62,196,104,116,202,174,95,146,11), (152,85,2,166,238,319,55,122,24,277,200,96,301,218,124,39,82,153), (222,216,133,36,190,161,310,211,281,77,279,50,88,107,94,61,215,136), (182,312,235,49,298,16,90,250,268,43,18,57,164,185,307,219,290,108), (244,92,106,213,19,207,30,81,84,289,239,23,8,171,261,132,156,300), (315,224,14,245,160,21,259,7,271,282,142,76,45,66,220,162,154,210), (252,148,260,180,125,272,139,143,32,232,13,121,33,74,72,253,40,51)
21889286
(264,120,208,140,46,1,275,138,150,247,258,89,236,111,288,168,135,231), (270,324,189,234,221,41,263,131,26,199,318,306,227,223,229,56,240,68), (308,305,184,187,145,34,4,203,243,58,186,309,316,105,296,313,100,320), (20,102,79,294,214,75,225,267,265,255,83,322,22,297,52,280,198,286), (63,251,299,177,59,209,167,103,179,64,262,206,249,204,314,149,65,126), (110,115,117,118,25,9,226,241,197,194,29,269,292,134,127,70,284,266), (237,129,175,304,109,37,188,67,256,10,302,181,155,130,28,158,276,169), (291,98,44,69,71,54,278,123,47,183,73,101,114,15,246,151,228,38), (192,193,311,274,170,80,205,230,323,317,137,87,165,78,233,35,201,12), (273,119,97,248,303,257,254,42,3,5,321,99,176,141,144,31,147,53), (60,173,157,191,212,293,86,113,27,242,217,295,17,6,159,195,112,91), (128,48,163,287,172,285,283,93,178,62,196,104,116,202,174,95,146,11), (152,85,2,166,238,319,55,122,24,277,244,96,301,218,124,39,82,153), (222,216,133,36,190,161,310,211,281,77,279,50,88,107,94,61,215,136), (182,312,235,49,298,16,90,250,268,43,18,57,164,185,307,219,290,108), (200,92,106,213,19,207,30,81,84,289,239,23,8,171,261,132,156,300), (315,224,14,245,160,21,259,7,271,282,142,76,45,66,220,162,154,210), (252,148,260,180,125,272,139,143,32,232,13,121,33,74,72,253,40,51)
22002548
(264,120,208,140,46,1,275,138,150,247,258,89,236,111,288,168,135,231), (270,324,189,234,221,41,263,131,26,199,318,306,227,223,229,56,240,68), (308,305,184,187,145,34,4,203,243,58,186,309,316,105,296,313,100,320), (20,102,79,294,214,75,225,267,265,255,83,322,22,297,52,280,198,286), (63,251,299,177,59,209,167,103,179,64,262,206,249,204,314,149,65,126), (110,115,117,118,25,9,226,241,197,194,29,269,292,134,127,70,284,266), (237,129,175,304,109,37,188,67,256,10,302,181,155,130,28,158,276,169), (291,98,44,69,71,54,278,123,47,183,73,101,114,15,246,151,228,38), (192,193,311,274,170,80,205,230,323,317,137,87,165,78,233,35,201,12), (273,119,97,248,303,257,254,42,3,5,321,99,176,141,144,31,147,53), (60,173,157,191,212,293,86,113,27,242,217,295,17,6,159,195,112,91), (128,48,163,287,172,285,283,93,178,62,196,104,116,202,174,95,146,11), (152,85,2,166,238,319,55,122,24,277,244,96,301,218,124,39,82,153), (222,216,133,36,190,161,310,211,281,77,279,50,88,107,94,61,215,136), (182,312,235,49,298,16,51,250,268,43,18,57,164,185,307,219,290,108), (200,92,106,213,19,207,30,81,84,289,239,23,8,171,261,132,156,300), (315,224,14,245,160,21,259,7,271,282,142,76,45,66,220,162,154,210), (252,148,260,180,125,272,139,143,32,232,13,121,33,74,72,253,40,90)
22105966
(264,120,208,140,46,114,275,138,150,247,258,89,236,111,288,168,135,231), (270,324,189,234,221,41,263,131,26,199,318,306,227,223,229,56,240,68), (308,305,184,187,145,34,4,203,243,58,186,309,316,105,296,313,100,320), (20,102,79,294,214,75,225,267,265,255,83,322,22,297,52,280,198,286), (63,251,299,177,59,209,167,103,179,64,262,206,249,204,314,149,65,126), (110,115,117,118,25,9,226,241,197,194,29,269,292,134,127,70,284,266), (237,129,175,304,109,37,188,67,256,10,302,181,155,130,28,158,276,169), (291,98,44,69,71,54,278,123,47,183,73,101,1,15,246,151,228,38), (192,193,311,274,170,80,205,230,323,317,137,87,165,78,233,35,201,12), (273,119,97,248,303,257,254,42,3,5,321,99,176,141,144,31,147,53), (60,173,157,191,212,293,86,113,27,242,217,295,17,6,159,195,112,91), (128,48,163,287,172,285,283,93,178,62,196,104,116,202,174,95,146,11), (152,85,2,166,238,319,55,122,24,277,244,96,301,218,124,39,82,153), (222,216,133,36,190,161,310,211,281,77,279,50,88,107,94,61,215,136), (182,312,235,49,298,16,51,250,268,43,18,57,164,185,307,219,290,108), (200,92,106,213,19,207,30,81,84,289,239,23,8,171,261,132,156,300), (315,224,14,245,160,21,259,7,271,282,142,76,45,66,220,162,154,210), (252,148,260,180,125,272,139,143,32,232,13,121,33,74,72,253,40,90)
22207214
(264,120,208,140,46,114,275,138,150,247,258,89,236,111,288,168,135,231), (270,324,189,234,221,41,263,131,26,199,318,306,227,223,144,56,240,68), (308,305,184,187,145,34,4,203,243,58,186,309,316,105,296,313,100,320), (20,102,79,294,214,75,225,267,265,255,83,322,22,297,52,280,198,286), (63,251,299,177,59,209,167,103,179,64,262,206,249,204,314,149,65,126), (110,115,117,118,25,9,226,241,197,194,29,269,292,134,127,70,284,266), (237,129,175,304,109,37,188,67,256,10,302,181,155,130,28,158,276,169), (291,98,44,69,71,54,278,123,47,183,73,101,1,15,246,151,228,38), (192,193,311,274,170,80,205,230,323,317,137,87,165,78,233,35,201,12), (273,119,97,248,303,257,254,42,3,5,321,99,176,141,229,31,147,53), (60,173,157,191,212,293,86,113,27,242,217,295,17,6,159,195,112,91), (128,48,163,287,172,285,283,93,178,62,196,104,116,202,174,95,146,11), (152,85,2,166,238,319,55,122,24,277,244,96,301,218,124,39,82,153), (222,216,133,36,190,161,310,211,281,77,279,50,88,107,94,61,215,136), (182,312,235,49,298,16,51,250,268,43,18,57,164,185,307,219,290,108), (200,92,106,213,19,207,30,81,84,289,239,23,8,171,261,132,156,300), (315,224,14,245,160,21,259,7,271,282,142,76,45,66,220,162,154,210), (252,148,260,180,125,272,139,143,32,232,13,121,33,74,72,253,40,90)
22307657
(264,120,208,140,46,114,275,138,150,247,258,89,236,111,288,168,135,231), (270,324,189,234,221,41,263,131,26,199,318,306,227,223,144,56,240,68), (308,305,184,187,145,34,4,203,243,58,186,309,316,105,296,313,100,320), (20,102,79,294,214,75,225,267,265,255,83,322,22,297,52,280,198,286), (63,251,299,177,59,209,167,103,179,64,262,206,249,204,314,149,65,126), (110,115,117,118,25,9,226,241,197,194,29,269,292,134,127,70,284,266), (237,129,175,304,109,37,188,67,256,10,302,181,155,130,28,158,276,169), (291,98,44,69,71,54,278,123,47,183,73,101,1,15,246,151,228,38), (192,193,311,274,170,80,205,11,323,317,137,87,165,78,233,35,201,12), (273,119,97,248,303,257,254,42,3,5,321,99,176,141,229,31,147,53), (60,173,157,191,212,293,86,113,27,242,217,295,17,6,159,195,112,91), (128,48,163,287,172,285,283,93,178,62,196,104,116,202,174,95,146,230), (152,85,2,166,238,319,55,122,24,277,244,96,301,218,124,39,82,153), (222,216,133,36,190,161,310,211,281,77,279,50,88,107,94,61,215,136), (182,312,235,49,298,16,51,250,268,43,18,57,164,185,307,219,290,108), (200,92,106,213,19,207,30,81,84,289,239,23,8,171,261,132,156,300), (315,224,14,245,160,21,259,7,271,282,142,76,45,66,220,162,154,210), (252,148,260,180,125,272,139,143,32,232,13,121,33,74,72,253,40,90)
22406853
(264,120,208,140,46,114,275,138,150,247,258,89,236,111,288,168,135,231), (270,324,189,234,221,41,263,131,26,199,318,306,227,223,144,56,240,68), (308,305,184,187,145,34,4,203,243,58,186,309,316,105,296,196,100,320), (20,102,79,294,214,75,225,267,265,255,83,322,22,297,52,280,198,286), (63,251,299,177,59,209,167,103,179,64,262,206,249,204,314,149,65,126), (110,115,117,118,25,9,226,241,197,194,29,269,292,134,127,70,284,266), (237,129,175,304,109,37,188,67,256,10,302,181,155,130,28,158,276,169), (291,98,44,69,71,54,278,123,47,183,73,101,1,15,246,151,228,38), (192,193,311,274,170,80,205,11,323,317,137,87,165,78,233,35,201,12), (273,119,97,248,303,257,254,42,3,5,321,99,176,141,229,31,147,53), (60,173,157,191,212,293,86,113,27,242,217,295,17,6,159,195,112,91), (128,48,163,287,172,285,283,93,178,62,313,104,116,202,174,95,146,230), (152,85,2,166,238,319,55,122,24,277,244,96,301,218,124,39,82,153), (222,216,133,36,190,161,310,211,281,77,279,50,88,107,94,61,215,136), (182,312,235,49,298,16,51,250,268,43,18,57,164,185,307,219,290,108), (200,92,106,213,19,207,30,81,84,289,239,23,8,171,261,132,156,300), (315,224,14,245,160,21,259,7,271,282,142,76,45,66,220,162,154,210), (252,148,260,180,125,272,139,143,32,232,13,121,33,74,72,253,40,90)
22502753
(264,120,208,140,46,114,275,138,150,247,258,89,236,111,288,168,135,231), (270,324,189,234,221,41,263,131,26,199,318,306,227,223,144,56,240,68), (308,305,184,187,145,34,4,203,243,58,186,309,316,105,296,196,100,320), (20,102,79,294,214,75,225,267,265,255,83,322,22,297,52,280,198,286), (63,99,299,177,59,209,167,103,179,64,262,206,249,204,314,149,65,126), (110,115,117,118,25,9,226,241,197,194,29,269,292,134,127,70,284,266), (237,129,175,304,109,37,188,67,256,10,302,181,155,130,28,158,276,169), (291,98,44,69,71,54,278,123,47,183,73,101,1,15,246,151,228,38), (192,193,311,274,170,80,205,11,323,317,137,87,165,78,233,35,201,12), (273,119,97,248,303,257,254,42,3,5,321,251,176,141,229,31,147,53), (60,173,157,191,212,293,86,113,27,242,217,295,17,6,159,195,112,91), (128,48,163,287,172,285,283,93,178,62,313,104,116,202,174,95,146,230), (152,85,2,166,238,319,55,122,24,277,244,96,301,218,124,39,82,153), (222,216,133,36,190,161,310,211,281,77,279,50,88,107,94,61,215,136), (182,312,235,49,298,16,51,250,268,43,18,57,164,185,307,219,290,108), (200,92,106,213,19,207,30,81,84,289,239,23,8,171,261,132,156,300), (315,224,14,245,160,21,259,7,271,282,142,76,45,66,220,162,154,210), (252,148,260,180,125,272,139,143,32,232,13,121,33,74,72,253,40,90)
22591196
(264,120,208,140,46,114,275,138,150,247,258,89,236,111,288,168,135,231), (270,324,189,234,221,41,263,131,26,199,318,306,227,223,144,56,240,68), (308,305,184,187,145,34,4,203,243,58,186,309,316,105,296,196,100,320), (20,102,79,294,214,75,225,267,265,255,83,322,22,297,52,280,198,286), (63,99,299,177,59,209,167,103,179,64,262,206,249,204,314,149,65,126), (110,115,117,118,25,9,226,241,197,194,29,269,292,134,127,70,284,266), (237,129,175,304,109,37,188,67,256,10,302,181,155,130,28,158,276,169), (291,98,44,69,71,54,278,123,47,183,73,101,1,15,246,151,228,38), (192,193,311,274,170,80,205,11,323,317,137,87,165,78,233,35,201,12), (273,119,97,248,303,257,254,42,3,5,321,251,176,141,229,31,147,53), (60,173,157,191,212,293,86,113,27,242,217,295,17,6,159,195,112,91), (128,48,163,287,172,285,283,93,178,62,313,104,116,202,174,95,146,230), (152,85,2,166,238,319,55,122,24,277,244,253,301,218,124,39,82,153), (222,216,133,36,190,161,310,211,281,77,279,50,88,107,94,61,215,136), (182,312,235,49,298,16,51,250,268,43,18,57,164,185,307,219,290,108), (200,92,106,213,19,207,30,81,84,289,239,23,8,171,261,132,156,300), (315,224,14,245,160,21,259,7,271,282,142,76,45,66,220,162,154,210), (252,148,260,180,125,272,139,143,32,232,13,121,33,74,72,96,40,90)