
373518
(22,12,82,47,66,57,69,30,19,85), (65,56,55,26,74,61,40,41,38,17), (18,50,79,98,67,86,90,78,3,36), (5,70,45,39,99,25,20,15,28,72), (77,51,2,100,97,1,75,16,63,62), (48,68,89,84,10,6,83,7,44,46), (94,49,71,73,29,24,4,32,91,13), (54,88,9,95,96,31,76,8,14,37), (33,92,87,27,43,93,11,23,80,81), (60,34,58,35,42,21,52,53,59,64)
380528
(22,12,82,47,66,57,69,30,84,85), (65,56,55,26,74,61,40,41,38,17), (18,50,79,98,67,86,90,78,3,36), (5,70,45,39,99,25,20,15,28,72), (77,51,2,100,97,1,75,16,63,62), (48,68,89,19,10,6,83,7,44,46), (94,49,71,73,29,24,4,32,91,13), (54,88,9,95,96,31,76,8,14,37), (33,92,87,27,43,93,11,23,80,81), (60,34,58,35,42,21,52,53,59,64)
387412
(22,12,82,47,66,57,69,30,84,85), (65,56,55,26,74,61,40,41,38,17), (18,50,79,98,67,86,59,78,3,36), (5,70,45,39,99,25,20,15,28,72), (77,51,2,100,97,1,75,16,63,62), (48,68,89,19,10,6,83,7,44,46), (94,49,71,73,29,24,4,32,91,13), (54,88,9,95,96,31,76,8,14,37), (33,92,87,27,43,93,11,23,80,81), (60,34,58,35,42,21,52,53,90,64)
392566
(72,12,82,47,66,57,69,30,84,85), (65,56,55,26,74,61,40,41,38,17), (18,50,79,98,67,86,59,78,3,36), (5,70,45,39,99,25,20,15,28,22), (77,51,2,100,97,1,75,16,63,62), (48,68,89,19,10,6,83,7,44,46), (94,49,71,73,29,24,4,32,91,13), (54,88,9,95,96,31,76,8,14,37), (33,92,87,27,43,93,11,23,80,81), (60,34,58,35,42,21,52,53,90,64)
397606
(72,12,58,47,66,57,69,30,84,85), (65,56,55,26,74,61,40,41,38,17), (18,50,79,98,67,86,59,78,3,36), (5,70,45,39,99,25,20,15,28,22), (77,51,2,100,97,1,75,16,63,62), (48,68,89,19,10,6,83,7,44,46), (94,49,71,73,29,24,4,32,91,13), (54,88,9,95,96,31,76,8,14,37), (33,92,87,27,43,93,11,23,80,81), (60,34,82,35,42,21,52,53,90,64)
402231
(72,12,58,47,66,57,69,30,84,85), (65,56,55,26,74,61,40,41,38,17), (18,50,79,98,67,86,59,78,3,36), (5,70,45,39,99,25,20,15,28,22), (77,51,2,53,97,1,75,16,63,62), (48,68,89,19,10,6,83,7,44,46), (94,49,71,73,29,24,4,32,91,13), (54,88,9,95,96,31,76,8,14,37), (33,92,87,27,43,93,11,23,80,81), (60,34,82,35,42,21,52,100,90,64)
406075
(72,12,58,62,66,57,69,30,84,85), (65,56,55,26,74,61,40,41,38,17), (18,50,79,98,67,86,59,78,3,36), (5,70,45,39,99,25,20,15,28,22), (77,51,2,53,97,1,75,16,63,47), (48,68,89,19,10,6,83,7,44,46), (94,49,71,73,29,24,4,32,91,13), (54,88,9,95,96,31,76,8,14,37), (33,92,87,27,43,93,11,23,80,81), (60,34,82,35,42,21,52,100,90,64)
409617
(72,12,58,62,66,57,69,30,84,85), (65,56,55,26,74,61,40,41,38,99), (18,50,79,98,67,86,59,78,3,36), (5,70,45,39,17,25,20,15,28,22), (77,51,2,53,97,1,75,16,63,47), (48,68,89,19,10,6,83,7,44,46), (94,49,71,73,29,24,4,32,91,13), (54,88,9,95,96,31,76,8,14,37), (33,92,87,27,43,93,11,23,80,81), (60,34,82,35,42,21,52,100,90,64)
412487
(72,12,58,62,66,57,69,30,84,85), (65,56,55,26,74,61,40,41,38,99), (18,50,79,98,67,86,59,78,3,36), (5,70,45,39,17,25,20,15,28,22), (77,51,2,53,97,1,75,16,63,47), (48,68,89,19,10,6,83,7,44,46), (94,49,71,73,29,24,4,32,91,13), (54,88,9,95,37,31,76,8,14,96), (33,92,87,27,43,93,11,23,80,81), (60,34,82,35,42,21,52,100,90,64)
415035
(72,12,58,62,66,57,69,30,84,85), (65,56,55,26,74,61,40,41,38,99), (18,50,79,98,67,86,59,64,3,36), (5,70,45,39,17,25,20,15,28,22), (77,51,2,53,97,1,75,16,63,47), (48,68,89,19,10,6,83,7,44,46), (94,49,71,73,29,24,4,32,91,13), (54,88,9,95,37,31,76,8,14,96), (33,92,87,27,43,93,11,23,80,81), (60,34,82,35,42,21,52,100,90,78)
417513
(72,12,58,62,66,57,69,30,84,85), (65,56,55,26,74,61,40,41,38,99), (18,50,79,98,67,86,59,64,3,36), (24,70,45,39,17,25,20,15,28,22), (77,51,2,53,97,1,75,16,63,47), (48,68,89,19,10,6,83,7,44,46), (94,49,71,73,29,5,4,32,91,13), (54,88,9,95,37,31,76,8,14,96), (33,92,87,27,43,93,11,23,80,81), (60,34,82,35,42,21,52,100,90,78)
419511
(72,12,58,62,66,57,69,30,84,85), (65,56,55,26,74,61,40,41,38,99), (18,50,79,98,67,86,59,64,3,36), (24,70,45,39,17,25,13,15,28,22), (77,51,2,53,97,1,75,16,63,47), (48,68,89,19,10,6,83,7,44,46), (94,49,71,73,29,5,4,32,91,20), (54,88,9,95,37,31,76,8,14,96), (33,92,87,27,43,93,11,23,80,81), (60,34,82,35,42,21,52,100,90,78)
421479
(72,12,58,62,66,57,69,30,84,85), (65,56,55,26,74,61,40,41,38,99), (18,50,79,98,67,86,59,64,3,36), (24,70,45,39,17,25,13,15,28,22), (77,51,2,53,97,1,75,16,63,47), (48,68,89,19,10,6,83,7,44,46), (94,49,71,73,29,5,4,32,91,20), (54,88,9,95,37,31,34,8,14,96), (33,92,87,27,43,93,11,23,80,81), (60,76,82,35,42,21,52,100,90,78)
423105
(72,70,58,62,66,57,69,30,84,85), (65,56,55,26,74,61,40,41,38,99), (18,50,79,98,67,86,59,64,3,36), (24,12,45,39,17,25,13,15,28,22), (77,51,2,53,97,1,75,16,63,47), (48,68,89,19,10,6,83,7,44,46), (94,49,71,73,29,5,4,32,91,20), (54,88,9,95,37,31,34,8,14,96), (33,92,87,27,43,93,11,23,80,81), (60,76,82,35,42,21,52,100,90,78)
424825
(72,70,58,62,66,57,69,30,84,85), (65,56,55,26,74,61,40,41,38,99), (18,50,79,98,67,86,59,64,3,36), (24,12,81,39,17,25,13,15,28,22), (77,51,2,53,97,1,75,16,63,47), (48,68,89,19,10,6,83,7,44,46), (94,49,71,73,29,5,4,32,91,20), (54,88,9,95,37,31,34,8,14,96), (33,92,87,27,43,93,11,23,80,45), (60,76,82,35,42,21,52,100,90,78)
426325
(72,70,58,62,66,57,69,30,84,85), (65,56,55,26,74,61,40,41,38,99), (18,50,10,98,67,86,59,64,3,36), (24,12,81,39,17,25,13,15,28,22), (77,51,2,53,97,1,75,16,63,47), (48,68,89,19,79,6,83,7,44,46), (94,49,71,73,29,5,4,32,91,20), (54,88,9,95,37,31,34,8,14,96), (33,92,87,27,43,93,11,23,80,45), (60,76,82,35,42,21,52,100,90,78)
427735
(72,70,58,62,66,57,69,30,84,85), (65,56,55,26,74,61,40,41,38,99), (18,50,10,98,67,86,59,64,3,36), (24,12,81,39,17,25,13,15,28,22), (77,51,2,53,97,1,75,16,63,47), (48,68,89,19,79,6,83,7,44,46), (94,49,71,73,29,5,4,32,91,20), (54,88,9,95,37,31,34,8,14,96), (33,92,23,27,43,93,11,87,80,45), (60,76,82,35,42,21,52,100,90,78)
428963
(72,70,58,62,66,57,69,30,84,85), (65,56,55,26,74,75,40,41,38,99), (18,50,10,98,67,86,59,64,3,36), (24,12,81,39,17,25,13,15,28,22), (77,51,2,53,97,1,61,16,63,47), (48,68,89,19,79,6,83,7,44,46), (94,49,71,73,29,5,4,32,91,20), (54,88,9,95,37,31,34,8,14,96), (33,92,23,27,43,93,11,87,80,45), (60,76,82,35,42,21,52,100,90,78)
430041
(72,70,58,62,66,57,69,30,84,63), (65,56,55,26,74,75,40,41,38,99), (18,50,10,98,67,86,59,64,3,36), (24,12,81,39,17,25,13,15,28,22), (77,51,2,53,97,1,61,16,85,47), (48,68,89,19,79,6,83,7,44,46), (94,49,71,73,29,5,4,32,91,20), (54,88,9,95,37,31,34,8,14,96), (33,92,23,27,43,93,11,87,80,45), (60,76,82,35,42,21,52,100,90,78)
430941
(72,70,58,62,66,57,69,30,84,63), (65,56,55,26,74,75,40,41,38,99), (18,50,10,98,67,86,59,64,3,36), (24,12,81,39,17,25,13,15,28,22), (77,51,2,53,97,1,61,16,85,47), (48,68,89,19,79,6,83,7,44,46), (94,49,71,73,29,5,4,32,91,20), (54,33,9,95,37,31,34,8,14,96), (88,92,23,27,43,93,11,87,80,45), (60,76,82,35,42,21,52,100,90,78)
431850
(72,70,58,62,66,57,69,100,84,63), (65,56,55,26,74,75,40,41,38,99), (18,50,10,98,67,86,59,64,3,36), (24,12,81,39,17,25,13,15,28,22), (77,51,2,53,97,1,61,16,85,47), (48,68,89,19,79,6,83,7,44,46), (94,49,71,73,29,5,4,32,91,20), (54,33,9,95,37,31,34,8,14,96), (88,92,23,27,43,93,11,87,80,45), (60,76,82,35,42,21,52,30,90,78)
432706
(72,70,58,62,66,57,69,100,84,63), (65,56,55,26,74,75,40,41,38,99), (18,50,10,98,67,86,59,64,3,36), (24,12,81,39,17,25,13,15,28,22), (77,51,2,53,97,1,61,16,85,47), (48,68,89,19,79,71,83,7,44,46), (94,49,6,73,29,5,4,32,91,20), (54,33,9,95,37,31,34,8,14,96), (88,92,23,27,43,93,11,87,80,45), (60,76,82,35,42,21,52,30,90,78)
433554
(72,70,58,62,66,57,69,100,84,63), (65,56,55,26,74,75,40,41,38,99), (18,50,10,98,67,86,59,64,3,36), (24,12,81,39,17,25,13,15,28,22), (77,51,2,53,97,1,61,16,85,47), (48,68,89,19,79,71,83,7,44,46), (94,49,6,73,29,5,4,32,91,20), (54,33,9,23,37,31,34,8,14,96), (88,92,95,27,43,93,11,87,80,45), (60,76,82,35,42,21,52,30,90,78)
434244
(72,70,58,62,63,57,69,100,84,66), (65,56,55,26,74,75,40,41,38,99), (18,50,10,98,67,86,59,64,3,36), (24,12,81,39,17,25,13,15,28,22), (77,51,2,53,97,1,61,16,85,47), (48,68,89,19,79,71,83,7,44,46), (94,49,6,73,29,5,4,32,91,20), (54,33,9,23,37,31,34,8,14,96), (88,92,95,27,43,93,11,87,80,45), (60,76,82,35,42,21,52,30,90,78)
434992
(72,70,58,62,63,57,69,100,84,66), (65,96,55,26,74,75,40,41,38,99), (18,50,10,98,67,86,59,64,3,36), (24,12,81,39,17,25,13,15,28,22), (77,51,2,53,97,1,61,16,85,47), (48,68,89,19,79,71,83,7,44,46), (94,49,6,73,29,5,4,32,91,20), (54,33,9,23,37,31,34,8,14,56), (88,92,95,27,43,93,11,87,80,45), (60,76,82,35,42,21,52,30,90,78)
435818
(72,70,58,62,63,57,69,100,84,66), (65,96,55,26,74,75,40,41,38,99), (42,50,10,98,67,86,59,64,3,36), (24,12,81,39,17,25,13,15,28,22), (77,51,2,53,97,1,61,16,85,47), (48,68,89,19,79,71,83,7,44,46), (94,49,6,73,29,5,4,32,91,20), (54,33,9,23,37,31,34,8,14,56), (88,92,95,27,43,93,11,87,80,45), (60,76,82,35,18,21,52,30,90,78)
436474
(72,70,58,62,63,57,69,100,84,66), (65,96,55,26,74,75,40,41,38,99), (42,50,10,98,67,86,59,64,3,36), (24,12,81,39,17,25,13,15,28,22), (77,51,2,53,97,1,61,16,85,47), (48,68,89,19,79,71,83,7,18,46), (94,49,6,73,29,5,4,32,91,20), (54,33,9,23,37,31,34,8,14,56), (88,92,95,27,43,93,11,87,80,45), (60,76,82,35,44,21,52,30,90,78)
437122
(72,70,58,62,63,57,69,100,84,66), (65,96,55,26,74,75,40,41,38,99), (42,50,10,98,67,86,19,64,3,36), (24,12,81,39,17,25,13,15,28,22), (77,51,2,53,97,1,61,16,85,47), (48,68,89,59,79,71,83,7,18,46), (94,49,6,73,29,5,4,32,91,20), (54,33,9,23,37,31,34,8,14,56), (88,92,95,27,43,93,11,87,80,45), (60,76,82,35,44,21,52,30,90,78)
437753
(72,70,58,62,63,57,69,100,84,66), (65,96,55,26,74,75,40,41,38,99), (42,50,10,98,67,86,19,64,32,36), (24,12,81,39,17,25,13,15,28,22), (77,51,2,53,97,1,61,16,85,47), (48,68,89,59,79,71,83,7,18,46), (94,49,6,73,29,5,4,3,91,20), (54,33,9,23,37,31,34,8,14,56), (88,92,95,27,43,93,11,87,80,45), (60,76,82,35,44,21,52,30,90,78)
438295
(72,70,58,62,63,57,69,100,84,66), (65,96,55,26,74,75,40,41,38,99), (42,50,10,98,67,86,19,64,32,36), (24,12,81,9,17,25,13,15,28,22), (77,51,2,53,97,1,61,16,85,47), (48,68,89,59,79,71,83,7,18,46), (94,49,6,73,29,5,4,3,91,20), (54,33,39,23,37,31,34,8,14,56), (88,92,95,27,43,93,11,87,80,45), (60,76,82,35,44,21,52,30,90,78)
438813
(72,70,58,62,63,57,69,100,84,66), (65,96,55,26,74,75,40,41,38,99), (42,50,10,98,67,86,19,64,32,36), (24,12,81,9,17,25,13,15,28,22), (77,51,2,53,97,1,61,16,47,85), (48,68,89,59,79,71,83,7,18,46), (94,49,6,73,29,5,4,3,91,20), (54,33,39,23,37,31,34,8,14,56), (88,92,95,27,43,93,11,87,80,45), (60,76,82,35,44,21,52,30,90,78)
439309
(72,70,58,62,63,57,69,100,84,66), (65,96,55,26,74,75,20,41,38,99), (42,50,10,98,67,86,19,64,32,36), (24,12,81,9,17,25,13,15,28,22), (77,51,2,53,97,1,61,16,47,85), (48,68,89,59,79,71,83,7,18,46), (94,49,6,73,29,5,4,3,91,40), (54,33,39,23,37,31,34,8,14,56), (88,92,95,27,43,93,11,87,80,45), (60,76,82,35,44,21,52,30,90,78)
439789
(72,70,58,62,63,57,69,100,84,66), (65,96,55,26,74,75,20,41,38,99), (42,50,10,98,67,86,19,64,32,36), (24,12,81,9,17,25,13,15,28,33), (77,51,2,53,97,1,61,16,47,85), (48,68,89,59,79,71,83,7,18,46), (94,49,6,73,29,5,4,3,91,40), (54,22,39,23,37,31,34,8,14,56), (88,92,95,27,43,93,11,87,80,45), (60,76,82,35,44,21,52,30,90,78)
440217
(72,70,58,62,63,57,69,100,84,66), (65,96,55,26,74,75,20,41,28,99), (42,50,10,98,67,86,19,64,32,36), (24,12,81,9,17,25,13,15,38,33), (77,51,2,53,97,1,61,16,47,85), (48,68,89,59,79,71,83,7,18,46), (94,49,6,73,29,5,4,3,91,40), (54,22,39,23,37,31,34,8,14,56), (88,92,95,27,43,93,11,87,80,45), (60,76,82,35,44,21,52,30,90,78)
440641
(72,70,58,62,63,57,69,100,84,66), (65,96,55,26,74,75,20,41,28,99), (42,50,10,98,67,86,19,64,32,36), (24,12,81,9,17,25,13,15,38,33), (77,51,2,53,97,1,61,16,47,85), (48,68,5,59,79,71,83,7,18,46), (94,49,6,73,29,89,4,3,91,40), (54,22,39,23,37,31,34,8,14,56), (88,92,95,27,43,93,11,87,80,45), (60,76,82,35,44,21,52,30,90,78)
441065
(72,70,58,62,63,57,69,100,84,66), (96,65,55,26,74,75,20,41,28,99), (42,50,10,98,67,86,19,64,32,36), (24,12,81,9,17,25,13,15,38,33), (77,51,2,53,97,1,61,16,47,85), (48,68,5,59,79,71,83,7,18,46), (94,49,6,73,29,89,4,3,91,40), (54,22,39,23,37,31,34,8,14,56), (88,92,95,27,43,93,11,87,80,45), (60,76,82,35,44,21,52,30,90,78)
441490
(72,70,58,62,63,57,69,100,84,66), (96,65,55,26,74,75,20,41,28,99), (42,50,10,98,67,86,19,64,32,36), (24,12,81,9,17,25,13,15,38,33), (77,51,2,53,97,1,61,16,47,85), (48,68,5,59,79,71,83,7,18,46), (94,49,6,73,29,89,4,3,91,40), (54,22,39,23,37,31,34,8,14,56), (88,92,95,27,43,93,11,87,80,45), (60,76,82,35,44,21,52,30,78,90)
441866
(72,70,58,62,63,57,69,100,84,66), (96,65,55,26,74,75,20,41,28,99), (42,50,10,98,67,86,19,64,32,36), (24,12,81,9,17,25,13,11,38,33), (77,51,2,53,97,1,61,16,47,85), (48,68,5,59,79,71,83,7,18,46), (94,49,6,73,29,89,4,3,91,40), (54,22,39,23,37,31,34,8,14,56), (88,92,95,27,43,93,15,87,80,45), (60,76,82,35,44,21,52,30,78,90)
442358
(72,70,58,62,63,57,69,100,84,66), (96,65,55,26,74,75,20,41,28,99), (42,50,10,98,67,86,19,64,32,36), (24,12,81,9,17,25,13,11,38,33), (35,51,2,53,97,1,61,16,47,85), (48,68,5,59,79,71,83,7,18,46), (94,49,6,73,29,89,4,3,91,40), (54,22,39,23,37,31,34,8,14,56), (88,92,95,27,43,93,15,87,80,45), (60,76,82,77,44,21,52,30,78,90)
442712
(72,70,58,62,63,57,69,100,84,66), (96,65,55,26,74,75,20,41,28,99), (42,50,10,98,67,86,19,64,32,36), (24,12,81,9,17,25,13,11,38,33), (35,51,2,53,97,1,61,16,47,85), (48,68,5,59,79,71,83,7,18,46), (94,49,6,73,29,89,4,3,91,40), (54,22,39,23,37,31,34,8,14,56), (88,92,95,27,43,93,15,87,45,80), (60,76,82,77,44,21,52,30,78,90)
443065
(72,70,58,62,63,57,69,100,84,66), (96,65,55,26,74,75,20,41,28,99), (42,50,10,98,67,86,19,64,32,36), (24,12,81,9,17,25,13,11,38,33), (35,51,2,53,97,1,61,16,47,85), (48,68,5,59,79,71,83,7,18,46), (94,49,6,73,29,89,4,3,91,40), (54,22,39,23,37,31,34,8,14,56), (88,92,82,27,43,93,15,87,45,80), (60,76,95,77,44,21,52,30,78,90)
443405
(72,70,58,62,63,57,69,100,84,66), (96,65,55,26,74,75,20,41,28,99), (42,50,10,98,67,86,19,64,32,36), (24,12,81,9,17,25,13,11,38,33), (35,51,2,53,97,1,61,16,47,85), (48,94,5,59,79,71,83,7,18,46), (68,49,6,73,29,89,4,3,91,40), (54,22,39,23,37,31,34,8,14,56), (88,92,82,27,43,93,15,87,45,80), (60,76,95,77,44,21,52,30,78,90)
443757
(72,70,58,62,63,57,69,100,84,66), (96,65,55,26,74,75,20,41,28,99), (42,50,10,98,17,86,19,64,32,36), (24,12,81,9,67,25,13,11,38,33), (35,51,2,53,97,1,61,16,47,85), (48,94,5,59,79,71,83,7,18,46), (68,49,6,73,29,89,4,3,91,40), (54,22,39,23,37,31,34,8,14,56), (88,92,82,27,43,93,15,87,45,80), (60,76,95,77,44,21,52,30,78,90)
444094
(72,70,58,62,63,57,69,100,84,66), (96,65,55,26,74,75,20,86,28,99), (42,50,10,98,17,41,19,64,32,36), (24,12,81,9,67,25,13,11,38,33), (35,51,2,53,97,1,61,16,47,85), (48,94,5,59,79,71,83,7,18,46), (68,49,6,73,29,89,4,3,91,40), (54,22,39,23,37,31,34,8,14,56), (88,92,82,27,43,93,15,87,45,80), (60,76,95,77,44,21,52,30,78,90)
444374
(72,70,63,62,58,57,69,100,84,66), (96,65,55,26,74,75,20,86,28,99), (42,50,10,98,17,41,19,64,32,36), (24,12,81,9,67,25,13,11,38,33), (35,51,2,53,97,1,61,16,47,85), (48,94,5,59,79,71,83,7,18,46), (68,49,6,73,29,89,4,3,91,40), (54,22,39,23,37,31,34,8,14,56), (88,92,82,27,43,93,15,87,45,80), (60,76,95,77,44,21,52,30,78,90)
444797
(72,70,63,62,58,57,69,100,84,66), (96,65,55,26,74,75,20,86,28,99), (36,50,10,98,17,41,19,64,32,42), (24,12,81,9,67,25,13,11,38,33), (35,51,2,53,97,1,61,16,47,85), (48,94,5,59,79,71,83,7,18,46), (68,49,6,73,29,89,4,3,91,40), (54,22,39,23,37,31,34,8,14,56), (88,92,82,27,43,93,15,87,45,80), (60,76,95,77,44,21,52,30,78,90)
445289
(72,70,63,62,58,57,69,100,84,66), (96,65,55,26,74,75,20,86,28,99), (36,50,10,98,17,41,19,64,32,42), (24,12,81,9,67,25,13,11,38,33), (35,51,2,53,97,1,61,16,47,85), (48,94,5,59,79,71,83,7,18,46), (68,49,6,73,29,89,4,3,39,40), (54,22,91,23,37,31,34,8,14,56), (88,92,82,27,43,93,15,87,45,80), (60,76,95,77,44,21,52,30,78,90)
445785
(72,70,63,62,58,57,69,100,84,66), (96,65,55,26,74,39,20,86,28,99), (36,50,10,98,17,41,19,64,32,42), (24,12,81,9,67,25,13,11,38,33), (35,51,2,53,97,1,61,16,47,85), (48,94,5,59,79,71,83,7,18,46), (68,49,6,73,29,89,4,3,75,40), (54,22,91,23,37,31,34,8,14,56), (88,92,82,27,43,93,15,87,45,80), (60,76,95,77,44,21,52,30,78,90)
446080
(72,70,63,62,58,57,69,100,84,66), (96,65,55,26,74,39,20,86,28,99), (36,50,10,98,17,41,19,64,32,42), (24,12,81,9,67,25,13,11,38,33), (35,51,2,53,97,1,61,16,47,85), (48,94,5,59,79,71,83,7,18,46), (68,49,6,73,29,89,4,3,75,40), (54,22,82,23,37,31,34,8,14,56), (88,92,91,27,43,93,15,87,45,80), (60,76,95,77,44,21,52,30,78,90)
446353
(72,70,63,62,58,57,69,100,84,66), (96,65,55,26,74,39,86,20,28,99), (36,50,10,98,17,41,19,64,32,42), (24,12,81,9,67,25,13,11,38,33), (35,51,2,53,97,1,61,16,47,85), (48,94,5,59,79,71,83,7,18,46), (68,49,6,73,29,89,4,3,75,40), (54,22,82,23,37,31,34,8,14,56), (88,92,91,27,43,93,15,87,45,80), (60,76,95,77,44,21,52,30,78,90)
446599
(72,70,63,62,58,57,69,100,66,84), (96,65,55,26,74,39,86,20,28,99), (36,50,10,98,17,41,19,64,32,42), (24,12,81,9,67,25,13,11,38,33), (35,51,2,53,97,1,61,16,47,85), (48,94,5,59,79,71,83,7,18,46), (68,49,6,73,29,89,4,3,75,40), (54,22,82,23,37,31,34,8,14,56), (88,92,91,27,43,93,15,87,45,80), (60,76,95,77,44,21,52,30,78,90)
446823
(72,70,63,62,58,57,69,100,66,84), (96,65,55,26,74,39,86,20,28,99), (36,50,10,98,17,41,19,64,32,42), (24,12,81,9,67,25,13,11,38,33), (35,51,2,53,97,1,61,16,47,85), (48,94,5,59,79,71,83,7,18,46), (68,49,6,29,73,89,4,3,75,40), (54,22,82,23,37,31,34,8,14,56), (88,92,91,27,43,93,15,87,45,80), (60,76,95,77,44,21,52,30,78,90)
447039
(72,70,63,62,58,57,69,100,66,84), (96,65,55,26,74,39,86,20,28,99), (48,50,10,98,17,41,19,64,32,42), (24,12,81,9,67,25,13,11,38,33), (35,51,2,53,97,1,61,16,47,85), (36,94,5,59,79,71,83,7,18,46), (68,49,6,29,73,89,4,3,75,40), (54,22,82,23,37,31,34,8,14,56), (88,92,91,27,43,93,15,87,45,80), (60,76,95,77,44,21,52,30,78,90)
447199
(72,70,63,62,58,57,69,100,66,84), (96,65,55,26,74,39,86,20,28,99), (48,50,10,98,17,11,19,64,32,42), (24,12,81,9,67,25,13,41,38,33), (35,51,2,53,97,1,61,16,47,85), (36,94,5,59,79,71,83,7,18,46), (68,49,6,29,73,89,4,3,75,40), (54,22,82,23,37,31,34,8,14,56), (88,92,91,27,43,93,15,87,45,80), (60,76,95,77,44,21,52,30,78,90)
447357
(72,70,63,62,58,57,69,100,66,84), (96,65,55,26,74,39,86,20,28,99), (48,50,10,98,17,11,19,64,32,42), (24,12,81,9,67,2,13,41,38,33), (35,51,25,53,97,1,61,16,47,85), (36,94,5,59,79,71,83,7,18,46), (68,49,6,29,73,89,4,3,75,40), (54,22,82,23,37,31,34,8,14,56), (88,92,91,27,43,93,15,87,45,80), (60,76,95,77,44,21,52,30,78,90)
447521
(72,70,63,62,58,57,69,100,66,84), (96,65,55,26,74,39,86,20,28,99), (48,50,10,49,17,11,19,64,32,42), (24,12,81,9,67,2,13,41,38,33), (35,51,25,53,97,1,61,16,47,85), (36,94,5,59,79,71,83,7,18,46), (68,98,6,29,73,89,4,3,75,40), (54,22,82,23,37,31,34,8,14,56), (88,92,91,27,43,93,15,87,45,80), (60,76,95,77,44,21,52,30,78,90)
447697
(72,70,63,62,58,57,69,100,66,84), (96,65,55,26,74,39,86,20,28,99), (48,50,10,5,17,11,19,64,32,42), (24,12,81,9,67,2,13,41,38,33), (35,51,25,53,97,1,61,16,47,85), (36,94,49,59,79,71,83,7,18,46), (68,98,6,29,73,89,4,3,75,40), (54,22,82,23,37,31,34,8,14,56), (88,92,91,27,43,93,15,87,45,80), (60,76,95,77,44,21,52,30,78,90)
447842
(72,70,63,62,58,57,69,100,66,84), (96,65,55,26,74,39,86,20,28,99), (48,50,10,5,17,11,19,64,32,42), (24,12,81,9,67,2,13,41,38,33), (35,51,25,53,97,1,61,16,47,85), (36,94,49,59,79,71,83,7,18,46), (68,98,6,29,73,89,4,3,75,40), (54,22,82,23,37,31,8,34,14,56), (88,92,91,27,43,93,15,87,45,80), (60,76,95,77,44,21,52,30,78,90)
447966
(72,70,63,62,58,57,69,100,66,84), (96,65,55,26,74,39,86,20,28,99), (48,50,10,5,17,11,19,64,32,42), (24,12,81,9,67,2,13,41,38,33), (35,51,25,53,97,1,61,16,47,85), (36,94,49,59,79,71,83,7,14,46), (68,98,6,29,73,89,4,3,75,40), (54,22,82,23,37,31,8,34,18,56), (88,92,91,27,43,93,15,87,45,80), (60,76,95,77,44,21,52,30,78,90)
448082
(72,70,63,62,58,57,69,100,66,84), (96,65,55,26,74,39,86,20,28,99), (48,50,10,5,17,11,19,64,46,42), (24,12,81,9,67,2,13,41,38,33), (35,51,25,53,97,1,61,16,47,85), (36,94,49,59,79,71,83,7,14,32), (68,98,6,29,73,89,4,3,75,40), (54,22,82,23,37,31,8,34,18,56), (88,92,91,27,43,93,15,87,45,80), (60,76,95,77,44,21,52,30,78,90)
448154
(72,70,63,62,58,57,69,100,66,84), (96,65,55,26,74,39,86,20,28,99), (48,50,10,5,17,11,19,64,46,42), (24,12,81,9,67,2,13,41,38,33), (35,51,25,53,97,1,61,16,47,85), (36,94,49,59,79,71,83,31,14,32), (68,98,6,29,73,89,4,3,75,40), (54,22,82,23,37,7,8,34,18,56), (88,92,91,27,43,93,15,87,45,80), (60,76,95,77,44,21,52,30,78,90)
448346
(72,70,63,62,58,57,69,100,66,84), (96,65,55,26,74,39,86,20,28,99), (48,50,10,5,17,11,19,64,46,42), (24,12,81,9,67,2,13,41,38,33), (35,51,25,53,97,1,61,16,47,85), (36,94,49,59,79,71,83,31,14,32), (68,98,6,29,73,89,4,3,75,40), (54,22,82,23,37,7,8,34,18,56), (88,92,91,93,43,27,15,87,45,80), (60,76,95,77,44,21,52,30,78,90)
448454
(72,70,63,62,58,57,69,100,66,84), (96,65,55,26,74,39,86,20,28,99), (48,50,10,5,17,11,19,64,46,42), (24,12,81,9,67,2,13,41,38,33), (35,51,25,53,97,1,61,16,47,85), (36,94,49,59,79,71,83,31,14,32), (68,98,6,29,73,89,4,3,21,40), (54,22,82,23,37,7,8,34,18,56), (88,92,91,93,43,27,15,87,45,80), (60,76,95,77,44,75,52,30,78,90)
448532
(72,70,63,62,58,57,69,100,66,84), (96,65,55,26,74,39,86,20,28,99), (48,50,10,5,17,11,19,64,46,42), (24,12,81,9,67,2,13,41,38,33), (35,51,25,53,97,1,61,16,47,85), (36,94,49,59,79,71,83,31,14,32), (68,98,6,29,73,89,4,3,21,40), (54,22,82,23,7,37,8,34,18,56), (88,92,91,93,43,27,15,87,45,80), (60,76,95,77,44,75,52,30,78,90)
448594
(72,70,63,55,58,57,69,100,66,84), (96,65,62,26,74,39,86,20,28,99), (48,50,10,5,17,11,19,64,46,42), (24,12,81,9,67,2,13,41,38,33), (35,51,25,53,97,1,61,16,47,85), (36,94,49,59,79,71,83,31,14,32), (68,98,6,29,73,89,4,3,21,40), (54,22,82,23,7,37,8,34,18,56), (88,92,91,93,43,27,15,87,45,80), (60,76,95,77,44,75,52,30,78,90)
448667
(72,70,63,55,58,57,69,100,66,84), (96,65,62,26,74,39,86,20,28,42), (48,50,10,5,17,11,19,64,46,99), (24,12,81,9,67,2,13,41,38,33), (35,51,25,53,97,1,61,16,47,85), (36,94,49,59,79,71,83,31,14,32), (68,98,6,29,73,89,4,3,21,40), (54,22,82,23,7,37,8,34,18,56), (88,92,91,93,43,27,15,87,45,80), (60,76,95,77,44,75,52,30,78,90)
448730
(72,70,63,55,58,57,69,100,66,84), (96,65,62,26,74,39,86,20,28,42), (48,50,10,5,17,11,19,64,46,99), (24,12,81,9,67,2,13,41,38,33), (35,51,25,53,97,1,61,16,47,85), (36,94,49,59,79,71,83,31,14,32), (68,21,6,29,73,89,4,3,98,40), (54,22,82,23,7,37,8,34,18,56), (88,92,91,93,43,27,15,87,45,80), (60,76,95,77,44,75,52,30,78,90)
448831
(72,70,63,55,58,57,69,100,66,84), (96,65,62,26,74,86,39,20,28,42), (48,50,10,5,17,11,19,64,46,99), (24,12,81,9,67,2,13,41,38,33), (35,51,25,53,97,1,61,16,47,85), (36,94,49,59,79,71,83,31,14,32), (68,21,6,29,73,89,4,3,98,40), (54,22,82,23,7,37,8,34,18,56), (88,92,91,93,43,27,15,87,45,80), (60,76,95,77,44,75,52,30,78,90)
448885
(72,70,63,55,58,57,69,100,66,84), (96,65,62,26,74,86,39,20,28,42), (48,50,10,5,17,11,19,64,46,99), (24,12,81,9,67,2,13,41,38,33), (35,51,25,53,97,1,61,16,47,85), (36,94,49,59,79,71,83,31,14,32), (68,21,6,29,73,89,4,3,98,40), (54,22,82,23,7,37,8,34,18,56), (88,92,91,93,43,27,15,87,45,80), (60,76,77,95,44,75,52,30,78,90)
448917
(72,70,63,55,58,57,69,100,66,84), (96,65,62,26,74,86,39,20,28,42), (48,50,10,5,11,17,19,64,46,99), (24,12,81,9,67,2,13,41,38,33), (35,51,25,53,97,1,61,16,47,85), (36,94,49,59,79,71,83,31,14,32), (68,21,6,29,73,89,4,3,98,40), (54,22,82,23,7,37,8,34,18,56), (88,92,91,93,43,27,15,87,45,80), (60,76,77,95,44,75,52,30,78,90)
448947
(72,70,63,55,58,57,69,100,66,84), (96,65,62,26,74,86,39,20,28,42), (48,50,10,5,11,17,19,64,46,99), (24,12,81,9,67,2,13,41,38,33), (35,51,25,53,97,1,61,16,47,85), (36,94,49,59,79,71,83,31,14,32), (68,21,6,29,73,89,4,3,98,40), (54,22,82,23,7,37,8,34,18,56), (88,92,91,75,43,27,15,87,45,80), (60,76,77,95,44,93,52,30,78,90)
448994
(72,70,63,55,58,57,69,100,66,84), (96,65,62,26,74,86,39,20,28,42), (48,50,10,5,11,17,19,64,46,99), (24,12,81,9,67,2,13,41,38,33), (35,51,25,53,97,1,61,31,47,85), (36,94,49,59,79,71,83,16,14,32), (68,21,6,29,73,89,4,3,98,40), (54,22,82,23,7,37,8,34,18,56), (88,92,91,75,43,27,15,87,45,80), (60,76,77,95,44,93,52,30,78,90)
449035
(72,70,63,55,58,57,69,100,66,84), (96,65,62,26,74,86,39,20,28,42), (48,50,10,5,11,17,19,64,46,99), (24,12,81,9,67,2,13,41,38,33), (35,51,25,53,97,1,61,31,47,85), (36,94,49,59,79,71,83,3,14,32), (68,21,6,29,73,89,4,16,98,40), (54,22,82,23,7,37,8,34,18,56), (88,92,91,75,43,27,15,87,45,80), (60,76,77,95,44,93,52,30,78,90)
449063
(72,70,63,55,58,57,69,100,66,84), (96,65,62,26,74,86,39,20,28,42), (48,50,10,5,11,17,19,64,38,99), (24,12,81,9,67,2,13,41,46,33), (35,51,25,53,97,1,61,31,47,85), (36,94,49,59,79,71,83,3,14,32), (68,21,6,29,73,89,4,16,98,40), (54,22,82,23,7,37,8,34,18,56), (88,92,91,75,43,27,15,87,45,80), (60,76,77,95,44,93,52,30,78,90)
449089
(72,70,63,55,58,57,69,100,66,84), (96,65,62,26,74,86,39,20,28,42), (48,50,10,5,11,17,19,64,38,99), (24,12,81,9,67,2,13,41,46,33), (36,51,25,53,97,1,61,31,47,85), (35,94,49,59,79,71,83,3,14,32), (68,21,6,29,73,89,4,16,98,40), (54,22,82,23,7,37,8,34,18,56), (88,92,91,75,43,27,15,87,45,80), (60,76,77,95,44,93,52,30,78,90)
449121
(72,70,63,55,58,57,69,100,66,84), (96,65,62,26,74,86,39,20,28,42), (48,50,10,5,11,17,19,64,38,99), (24,12,81,9,67,2,13,41,46,85), (36,51,25,53,97,1,61,31,47,33), (35,94,49,59,79,71,83,3,14,32), (68,21,6,29,73,89,4,16,98,40), (54,22,82,23,7,37,8,34,18,56), (88,92,91,75,43,27,15,87,45,80), (60,76,77,95,44,93,52,30,78,90)
449139
(72,70,63,55,58,57,69,100,66,84), (48,65,62,26,74,86,39,20,28,42), (96,50,10,5,11,17,19,64,38,99), (24,12,81,9,67,2,13,41,46,85), (36,51,25,53,97,1,61,31,47,33), (35,94,49,59,79,71,83,3,14,32), (68,21,6,29,73,89,4,16,98,40), (54,22,82,23,7,37,8,34,18,56), (88,92,91,75,43,27,15,87,45,80), (60,76,77,95,44,93,52,30,78,90)
449157
(72,70,63,55,58,57,69,100,66,84), (48,65,62,26,74,86,39,20,28,42), (96,50,10,5,11,17,19,64,38,99), (24,12,81,9,67,73,13,41,46,85), (36,51,25,53,97,1,61,31,47,33), (35,94,49,59,79,71,83,3,14,32), (68,21,6,29,2,89,4,16,98,40), (54,22,82,23,7,37,8,34,18,56), (88,92,91,75,43,27,15,87,45,80), (60,76,77,95,44,93,52,30,78,90)
449165
(72,70,63,55,58,57,69,100,66,84), (48,65,62,26,74,86,39,20,28,42), (96,50,10,5,11,13,19,64,38,99), (24,12,81,9,67,73,17,41,46,85), (36,51,25,53,97,1,61,31,47,33), (35,94,49,59,79,71,83,3,14,32), (68,21,6,29,2,89,4,16,98,40), (54,22,82,23,7,37,8,34,18,56), (88,92,91,75,43,27,15,87,45,80), (60,76,77,95,44,93,52,30,78,90)
449229
(72,70,63,55,58,57,69,100,66,84), (48,65,62,26,74,86,39,85,28,42), (96,50,10,5,11,13,19,64,38,99), (24,12,81,9,67,73,17,41,46,20), (36,51,25,53,97,1,61,31,47,33), (35,94,49,59,79,71,83,3,14,32), (68,21,6,29,2,89,4,16,98,40), (54,22,82,23,7,37,8,34,18,56), (88,92,91,75,43,27,15,87,45,80), (60,76,77,95,44,93,52,30,78,90)
449289
(72,70,63,55,58,57,69,100,66,84), (48,65,62,26,74,86,39,85,28,42), (96,50,10,5,11,13,19,64,38,99), (24,12,81,9,67,73,3,41,46,20), (36,51,25,53,97,1,61,31,47,33), (35,94,49,59,79,71,83,17,14,32), (68,21,6,29,2,89,4,16,98,40), (54,22,82,23,7,37,8,34,18,56), (88,92,91,75,43,27,15,87,45,80), (60,76,77,95,44,93,52,30,78,90)
449367
(72,70,63,55,58,57,69,100,66,84), (48,65,62,26,74,86,39,85,28,42), (96,50,10,5,11,13,19,64,38,99), (24,12,81,9,67,73,3,41,46,20), (36,34,25,53,97,1,61,31,47,33), (35,94,49,59,79,71,83,17,14,32), (68,21,6,29,2,89,4,16,98,40), (54,22,82,23,7,37,8,51,18,56), (88,92,91,75,43,27,15,87,45,80), (60,76,77,95,44,93,52,30,78,90)
449376
(72,70,63,55,58,57,69,100,66,84), (48,65,62,39,74,86,26,85,28,42), (96,50,10,5,11,13,19,64,38,99), (24,12,81,9,67,73,3,41,46,20), (36,34,25,53,97,1,61,31,47,33), (35,94,49,59,79,71,83,17,14,32), (68,21,6,29,2,89,4,16,98,40), (54,22,82,23,7,37,8,51,18,56), (88,92,91,75,43,27,15,87,45,80), (60,76,77,95,44,93,52,30,78,90)
449412
(72,70,63,55,58,57,69,100,66,84), (48,65,62,39,74,86,64,85,28,42), (96,50,10,5,11,13,19,26,38,99), (24,12,81,9,67,73,3,41,46,20), (36,34,25,53,97,1,61,31,47,33), (35,94,49,59,79,71,83,17,14,32), (68,21,6,29,2,89,4,16,98,40), (54,22,82,23,7,37,8,51,18,56), (88,92,91,75,43,27,15,87,45,80), (60,76,77,95,44,93,52,30,78,90)
449434
(72,70,63,55,58,57,69,100,66,84), (48,65,62,39,74,86,64,85,28,42), (96,50,10,5,11,13,19,26,38,99), (24,12,81,9,67,73,3,41,46,20), (36,34,25,53,97,1,61,31,47,33), (35,94,49,59,79,71,83,17,14,32), (68,21,6,29,2,89,4,16,51,40), (54,22,82,23,7,37,8,98,18,56), (88,92,91,75,43,27,15,87,45,80), (60,76,77,95,44,93,52,30,78,90)
449438
(72,70,63,55,58,57,69,100,42,84), (48,65,62,39,74,86,64,85,28,66), (96,50,10,5,11,13,19,26,38,99), (24,12,81,9,67,73,3,41,46,20), (36,34,25,53,97,1,61,31,47,33), (35,94,49,59,79,71,83,17,14,32), (68,21,6,29,2,89,4,16,51,40), (54,22,82,23,7,37,8,98,18,56), (88,92,91,75,43,27,15,87,45,80), (60,76,77,95,44,93,52,30,78,90)
449462
(72,70,63,55,58,57,69,100,42,84), (48,65,62,39,74,86,64,85,28,66), (96,50,10,5,11,13,19,26,38,99), (24,12,81,9,67,73,3,41,46,20), (36,34,25,53,97,1,61,31,47,33), (35,94,29,59,79,71,83,17,14,32), (68,21,6,49,2,89,4,16,51,40), (54,22,82,23,7,37,8,98,18,56), (88,92,91,75,43,27,15,87,45,80), (60,76,77,95,44,93,52,30,78,90)
449478
(72,70,63,55,58,57,69,100,42,84), (48,65,62,39,74,86,64,85,28,66), (96,50,10,11,5,13,19,26,38,99), (24,12,81,9,67,73,3,41,46,20), (36,34,25,53,97,1,61,31,47,33), (35,94,29,59,79,71,83,17,14,32), (68,21,6,49,2,89,4,16,51,40), (54,22,82,23,7,37,8,98,18,56), (88,92,91,75,43,27,15,87,45,80), (60,76,77,95,44,93,52,30,78,90)
449482
(72,70,63,55,58,57,69,100,42,84), (48,65,62,39,74,86,64,85,28,66), (96,50,10,11,5,13,19,26,38,99), (24,12,81,9,67,73,3,41,46,20), (36,34,25,53,97,1,61,31,47,33), (35,94,29,59,79,71,83,17,14,32), (68,22,6,49,2,89,4,16,51,40), (54,21,82,23,7,37,8,98,18,56), (88,92,91,75,43,27,15,87,45,80), (60,76,77,95,44,93,52,30,78,90)
449484
(72,70,63,55,58,57,69,100,42,84), (48,65,62,39,74,86,64,85,28,66), (96,50,10,11,5,13,19,26,38,99), (24,12,81,9,67,73,3,41,46,20), (36,34,25,53,97,1,61,31,47,33), (35,94,29,59,79,71,83,17,14,32), (68,22,6,49,2,89,4,16,51,40), (54,21,82,23,7,37,8,98,18,56), (88,92,91,75,43,27,15,87,45,80), (60,76,77,95,93,44,52,30,78,90)
449497
(72,70,63,55,58,57,69,100,42,84), (48,65,39,62,74,86,64,85,28,66), (96,50,10,11,5,13,19,26,38,99), (24,12,81,9,67,73,3,41,46,20), (36,34,25,53,97,1,61,31,47,33), (35,94,29,59,79,71,83,17,14,32), (68,22,6,49,2,89,4,16,51,40), (54,21,82,23,7,37,8,98,18,56), (88,92,91,75,43,27,15,87,45,80), (60,76,77,95,93,44,52,30,78,90)
449498
(72,70,63,55,58,57,69,100,42,84), (48,65,39,62,74,86,64,85,28,66), (96,50,10,11,5,13,19,26,38,99), (24,12,81,9,67,73,3,41,46,20), (36,34,25,53,97,1,61,31,47,33), (35,94,29,59,79,71,83,17,14,32), (68,22,6,49,2,89,4,16,18,40), (54,21,82,23,7,37,8,98,51,56), (88,92,91,75,43,27,15,87,45,80), (60,76,77,95,93,44,52,30,78,90)
449514
(72,70,63,55,58,57,85,100,42,84), (48,65,39,62,74,86,64,69,28,66), (96,50,10,11,5,13,19,26,38,99), (24,12,81,9,67,73,3,41,46,20), (36,34,25,53,97,1,61,31,47,33), (35,94,29,59,79,71,83,17,14,32), (68,22,6,49,2,89,4,16,18,40), (54,21,82,23,7,37,8,98,51,56), (88,92,91,75,43,27,15,87,45,80), (60,76,77,95,93,44,52,30,78,90)
449556
(72,70,63,55,58,57,85,100,42,84), (48,65,39,62,74,86,64,69,28,66), (96,50,10,11,5,13,19,26,38,99), (24,12,81,9,67,73,3,41,46,20), (36,34,25,53,97,1,61,31,47,33), (35,94,29,59,79,71,83,17,14,32), (68,22,6,49,2,89,4,16,18,40), (92,21,82,23,7,37,8,98,51,56), (88,54,91,75,43,27,15,87,45,80), (60,76,77,95,93,44,52,30,78,90)
449564
(72,70,63,55,58,57,85,100,42,84), (48,65,39,62,74,86,64,69,28,66), (96,50,10,11,5,13,19,26,38,99), (24,12,81,9,67,73,3,41,46,20), (36,34,25,53,97,1,61,31,47,33), (35,94,29,59,79,71,83,17,14,18), (68,22,6,49,2,89,4,16,32,40), (92,21,82,23,7,37,8,98,51,56), (88,54,91,75,43,27,15,87,45,80), (60,76,77,95,93,44,52,30,78,90)
449569
(72,70,63,55,58,57,85,100,42,84), (48,65,39,62,74,86,64,69,28,66), (96,50,10,11,5,13,19,26,38,99), (24,12,81,9,67,73,3,41,46,20), (36,34,25,53,97,1,61,31,47,33), (35,94,29,59,79,71,83,17,14,18), (68,22,6,49,2,89,4,16,32,40), (92,21,82,23,7,37,8,98,51,56), (88,54,91,75,43,27,15,87,52,80), (60,76,77,95,93,44,45,30,78,90)
449623
(72,70,63,55,58,57,85,100,42,84), (48,65,50,62,74,86,64,69,28,66), (96,39,10,11,5,13,19,26,38,99), (24,12,81,9,67,73,3,41,46,20), (36,34,25,53,97,1,61,31,47,33), (35,94,29,59,79,71,83,17,14,18), (68,22,6,49,2,89,4,16,32,40), (92,21,82,23,7,37,8,98,51,56), (88,54,91,75,43,27,15,87,52,80), (60,76,77,95,93,44,45,30,78,90)
449663
(72,70,63,55,58,57,85,100,42,84), (48,65,50,62,74,86,64,69,28,66), (96,39,10,81,5,13,19,26,38,99), (24,12,11,9,67,73,3,41,46,20), (36,34,25,53,97,1,61,31,47,33), (35,94,29,59,79,71,83,17,14,18), (68,22,6,49,2,89,4,16,32,40), (92,21,82,23,7,37,8,98,51,56), (88,54,91,75,43,27,15,87,52,80), (60,76,77,95,93,44,45,30,78,90)
449691
(72,70,63,55,58,57,85,100,42,84), (48,65,50,62,74,43,64,69,28,66), (96,39,10,81,5,13,19,26,38,99), (24,12,11,9,67,73,3,41,46,20), (36,34,25,53,97,1,61,31,47,33), (35,94,29,59,79,71,83,17,14,18), (68,22,6,49,2,89,4,16,32,40), (92,21,82,23,7,37,8,98,51,56), (88,54,91,75,86,27,15,87,52,80), (60,76,77,95,93,44,45,30,78,90)
449714
(72,70,63,55,58,57,85,100,42,84), (48,65,50,62,74,43,64,69,28,66), (96,12,10,81,5,13,19,26,38,99), (24,39,11,9,67,73,3,41,46,20), (36,34,25,53,97,1,61,31,47,33), (35,94,29,59,79,71,83,17,14,18), (68,22,6,49,2,89,4,16,32,40), (92,21,82,23,7,37,8,98,51,56), (88,54,91,75,86,27,15,87,52,80), (60,76,77,95,93,44,45,30,78,90)
449720
(72,70,63,55,58,57,85,100,42,84), (48,65,50,62,74,43,64,69,28,66), (96,12,10,81,5,13,19,26,38,99), (24,39,11,9,67,73,3,41,46,20), (36,34,25,53,97,1,61,31,47,33), (35,94,29,2,79,71,83,17,14,18), (68,22,6,49,59,89,4,16,32,40), (92,21,82,23,7,37,8,98,51,56), (88,54,91,75,86,27,15,87,52,80), (60,76,77,95,93,44,45,30,78,90)
449726
(72,70,63,55,58,57,85,100,42,84), (48,65,50,62,74,43,64,69,28,66), (96,12,10,81,5,13,19,26,38,99), (24,39,11,9,67,73,3,41,46,33), (36,34,25,53,97,1,61,31,47,20), (35,94,29,2,79,71,83,17,14,18), (68,22,6,49,59,89,4,16,32,40), (92,21,82,23,7,37,8,98,51,56), (88,54,91,75,86,27,15,87,52,80), (60,76,77,95,93,44,45,30,78,90)
449730
(72,70,63,55,58,57,85,100,42,84), (48,65,50,62,74,43,64,69,28,66), (96,12,10,81,13,5,19,26,38,99), (24,39,11,9,67,73,3,41,46,33), (36,34,25,53,97,1,61,31,47,20), (35,94,29,2,79,71,83,17,14,18), (68,22,6,49,59,89,4,16,32,40), (92,21,82,23,7,37,8,98,51,56), (88,54,91,75,86,27,15,87,52,80), (60,76,77,95,93,44,45,30,78,90)
449731
(72,70,63,55,58,57,85,100,42,84), (48,65,50,62,74,43,64,69,28,66), (96,12,10,81,13,5,19,26,38,99), (24,39,11,9,67,73,3,41,46,33), (36,34,25,2,97,1,61,31,47,20), (35,94,29,53,79,71,83,17,14,18), (68,22,6,49,59,89,4,16,32,40), (92,21,82,23,7,37,8,98,51,56), (88,54,91,75,86,27,15,87,52,80), (60,76,77,95,93,44,45,30,78,90)
449828
(90,30,56,44,15,51,87,92,88,78), (60,45,75,64,16,62,14,85,52,70), (28,18,22,11,19,25,49,27,57,96), (91,26,47,37,2,89,4,41,12,54), (32,86,17,97,73,61,1,5,98,77), (38,81,31,59,71,83,79,43,46,35), (76,82,23,3,53,67,7,6,94,36), (40,69,58,13,9,29,8,74,50,95), (66,63,33,21,10,34,39,93,24,48), (84,80,42,20,68,65,55,100,99,72)
449898
(90,30,56,44,15,51,87,92,88,78), (60,45,75,64,16,62,14,85,52,70), (28,18,22,11,19,25,49,27,57,96), (91,39,47,37,2,89,4,41,12,54), (32,86,17,97,73,61,1,5,98,77), (38,81,31,59,71,83,79,43,46,35), (76,82,23,3,53,67,7,6,94,36), (40,69,58,13,9,29,8,74,50,95), (66,63,33,21,10,34,26,93,24,48), (84,80,42,20,68,65,55,100,99,72)
449914
(90,30,56,44,15,51,87,92,88,78), (60,45,75,64,16,62,14,85,52,70), (28,18,22,11,25,19,49,27,57,96), (91,39,47,37,2,89,4,41,12,54), (32,86,17,97,73,61,1,5,98,77), (38,81,31,59,71,83,79,43,46,35), (76,82,23,3,53,67,7,6,94,36), (40,69,58,13,9,29,8,74,50,95), (66,63,33,21,10,34,26,93,24,48), (84,80,42,20,68,65,55,100,99,72)
449928
(90,30,56,44,15,51,87,92,88,78), (60,45,75,64,16,62,14,85,52,70), (28,18,22,11,25,19,49,27,57,96), (91,32,47,37,2,89,4,41,12,54), (39,86,17,97,73,61,1,5,98,77), (38,81,31,59,71,83,79,43,46,35), (76,82,23,3,53,67,7,6,94,36), (40,69,58,13,9,29,8,74,50,95), (66,63,33,21,10,34,26,93,24,48), (84,80,42,20,68,65,55,100,99,72)
449970
(90,30,56,44,15,51,87,92,88,78), (60,45,75,64,16,62,14,85,52,70), (28,18,22,11,25,19,49,27,57,96), (91,32,47,37,2,89,3,41,12,54), (39,86,17,97,73,61,1,5,98,77), (38,81,31,59,71,83,79,43,46,35), (76,82,23,4,53,67,7,6,94,36), (40,69,58,13,9,29,8,74,50,95), (66,63,33,21,10,34,26,93,24,48), (84,80,42,20,68,65,55,100,99,72)
449990
(90,30,56,44,15,51,87,92,88,78), (60,45,75,22,16,62,14,85,52,70), (28,18,64,11,25,19,49,27,57,96), (91,32,47,37,2,89,3,41,12,54), (39,86,17,97,73,61,1,5,98,77), (38,81,31,59,71,83,79,43,46,35), (76,82,23,4,53,67,7,6,94,36), (40,69,58,13,9,29,8,74,50,95), (66,63,33,21,10,34,26,93,24,48), (84,80,42,20,68,65,55,100,99,72)
449998
(90,30,56,44,15,51,87,92,88,78), (60,45,75,22,16,62,14,85,52,70), (28,18,64,11,25,19,49,27,57,96), (91,32,47,37,2,89,3,41,12,54), (39,86,17,97,73,61,1,5,98,77), (38,81,31,59,71,83,79,43,46,35), (76,82,23,4,53,67,7,6,94,36), (40,69,58,13,9,29,8,74,50,95), (66,63,33,21,10,34,26,93,24,48), (84,80,42,20,68,55,65,100,99,72)
450002
(90,30,56,44,15,51,87,92,88,78), (60,45,75,22,16,62,14,85,52,70), (28,18,64,11,25,19,49,27,57,96), (91,32,47,37,2,89,3,41,12,54), (39,86,17,97,73,61,1,5,98,35), (38,81,31,59,71,83,79,43,46,77), (76,82,23,4,53,67,7,6,94,36), (40,69,58,13,9,29,8,74,50,95), (66,63,33,21,10,34,26,93,24,48), (84,80,42,20,68,55,65,100,99,72)
357364
(78,34,20,9,48,98,56,6,73,68), (40,87,36,84,51,27,29,93,39,62), (95,71,32,79,63,77,92,64,4,23), (50,65,37,75,60,38,15,74,16,26), (69,83,7,76,17,80,8,24,58,99), (45,43,57,61,5,86,88,53,46,89), (11,41,52,49,22,70,72,35,67,94), (59,1,30,100,82,21,81,42,44,13), (54,91,90,55,97,31,14,28,12,85), (96,3,25,18,66,33,47,10,19,2)