
4332
(1,10,2,6,22), (9,18,5,14,15), (24,19,16,21,8), (11,7,25,4,20), (12,13,17,3,23)
4534
(1,10,2,6,22), (9,18,5,14,15), (24,19,16,23,8), (11,7,25,4,20), (12,13,17,3,21)
4746
(14,10,2,6,22), (9,18,5,1,15), (24,19,16,23,8), (11,7,25,4,20), (12,13,17,3,21)
4858
(14,10,2,6,22), (9,18,13,1,15), (24,19,16,23,8), (11,7,25,4,20), (12,5,17,3,21)
4938
(14,10,2,6,22), (9,18,13,1,15), (24,19,17,23,8), (11,7,25,4,20), (12,5,16,3,21)
5003
(14,10,2,6,22), (9,3,13,1,15), (24,19,17,23,8), (11,7,25,4,20), (12,5,16,18,21)
5051
(14,10,16,6,22), (9,3,13,1,15), (24,19,17,23,8), (11,7,25,4,20), (12,5,2,18,21)
5083
(14,10,16,9,22), (6,3,13,1,15), (24,19,17,23,8), (11,7,25,4,20), (12,5,2,18,21)
5112
(14,10,16,9,15), (6,3,13,1,22), (24,19,17,23,8), (11,7,25,4,20), (12,5,2,18,21)
5134
(14,10,16,9,15), (24,3,13,1,22), (6,19,17,23,8), (11,7,25,4,20), (12,5,2,18,21)
5154
(14,10,16,9,15), (24,3,13,1,22), (6,19,17,23,8), (11,25,7,4,20), (12,5,2,18,21)
5168
(14,10,16,9,15), (24,3,13,1,22), (6,19,17,23,8), (11,25,7,4,21), (12,5,2,18,20)
5181
(14,10,16,9,15), (24,3,13,1,22), (6,19,17,23,8), (11,25,2,4,21), (12,5,7,18,20)
5195
(14,10,16,9,15), (24,3,13,1,22), (5,19,17,23,8), (11,25,2,4,21), (12,6,7,18,20)
5210
(14,10,16,9,15), (24,3,13,2,22), (5,19,17,23,8), (11,25,1,4,21), (12,6,7,18,20)
5214
(14,10,16,9,15), (24,3,13,2,22), (5,19,17,23,8), (11,7,1,4,21), (12,6,25,18,20)
5229
(24,10,16,9,15), (14,3,13,2,22), (5,19,17,23,8), (11,7,1,4,21), (12,6,25,18,20)
5241
(24,14,16,9,15), (10,3,13,2,22), (5,19,17,23,8), (11,7,1,4,21), (12,6,25,18,20)
5243
(20,21,8,10,22), (18,9,23,3,25), (16,1,17,13,7), (11,2,19,4,12), (15,14,5,6,24)
4450
(8,13,23,14,9), (12,10,25,15,24), (17,11,21,5,3), (19,4,2,22,1), (18,6,7,16,20)
4624
(8,13,23,14,9), (12,10,25,15,24), (17,11,19,5,3), (21,4,2,22,1), (18,6,7,16,20)
4742
(8,15,23,14,9), (12,10,25,13,24), (17,11,19,5,3), (21,4,2,22,1), (18,6,7,16,20)
4831
(8,15,23,14,9), (12,10,25,13,24), (17,11,19,5,3), (21,4,2,1,22), (18,6,7,16,20)
4907
(8,15,23,14,24), (12,10,25,13,9), (17,11,19,5,3), (21,4,2,1,22), (18,6,7,16,20)
4979
(8,15,23,14,24), (12,10,17,13,9), (25,11,19,5,3), (21,4,2,1,22), (18,6,7,16,20)
5039
(8,15,10,14,24), (12,23,17,13,9), (25,11,19,5,3), (21,4,2,1,22), (18,6,7,16,20)
5071
(8,15,10,14,24), (12,23,17,13,9), (25,11,19,1,3), (21,4,2,5,22), (18,6,7,16,20)
5101
(12,15,10,14,24), (8,23,17,13,9), (25,11,19,1,3), (21,4,2,5,22), (18,6,7,16,20)
5131
(12,15,10,14,24), (8,11,17,13,9), (25,23,19,1,3), (21,4,2,5,22), (18,6,7,16,20)
5147
(12,15,10,14,24), (8,11,17,13,9), (25,23,19,1,3), (21,4,2,7,22), (18,6,5,16,20)
5162
(12,15,10,14,24), (8,11,17,2,9), (25,23,19,1,3), (21,4,13,7,22), (18,6,5,16,20)
5167
(12,15,10,14,24), (8,11,17,2,9), (25,23,19,1,3), (21,4,13,7,22), (18,6,16,5,20)
5181
(12,15,5,14,24), (8,11,17,2,9), (25,23,19,1,3), (21,4,13,7,22), (18,6,16,10,20)
5192
(12,15,5,14,24), (8,11,17,2,9), (25,23,19,1,3), (18,4,13,7,22), (21,6,16,10,20)
5197
(12,5,7,25,24), (14,2,23,3,22), (8,1,19,17,6), (11,9,13,4,10), (15,18,16,21,20)
5217
(12,5,6,25,24), (14,2,23,3,22), (8,1,19,17,7), (11,9,13,4,10), (15,18,16,21,20)
5235
(12,5,25,6,24), (14,2,23,3,22), (8,1,19,17,7), (11,9,13,4,10), (15,18,16,21,20)
5243
(12,5,25,6,24), (14,2,23,7,22), (8,1,19,17,3), (11,9,13,4,10), (15,18,16,21,20)