
98973
(29,22,44,45,50,35,13,3), (41,24,55,26,46,64,31,2), (12,59,43,21,54,10,53,20), (37,28,56,8,1,30,34,25), (16,52,18,15,63,39,9,42), (11,27,51,57,33,32,47,61), (6,60,58,40,7,49,17,5), (48,14,38,4,62,23,19,36)
102813
(29,22,44,45,50,35,13,56), (41,24,55,26,46,64,31,2), (12,59,43,21,54,10,53,20), (37,28,3,8,1,30,34,25), (16,52,18,15,63,39,9,42), (11,27,51,57,33,32,47,61), (6,60,58,40,7,49,17,5), (48,14,38,4,62,23,19,36)
106013
(63,22,44,45,50,35,13,56), (41,24,55,26,46,64,31,2), (12,59,43,21,54,10,53,20), (37,28,3,8,1,30,34,25), (16,52,18,15,29,39,9,42), (11,27,51,57,33,32,47,61), (6,60,58,40,7,49,17,5), (48,14,38,4,62,23,19,36)
109148
(63,22,44,45,50,35,13,56), (41,24,55,26,46,64,31,2), (12,59,43,21,54,10,53,20), (37,28,3,8,1,19,34,25), (16,52,18,15,29,39,9,42), (11,27,51,57,33,32,47,61), (6,60,58,40,7,49,17,5), (48,14,38,4,62,23,30,36)
111844
(63,22,44,45,50,35,13,56), (41,24,55,26,46,64,31,54), (12,59,43,21,2,10,53,20), (37,28,3,8,1,19,34,25), (16,52,18,15,29,39,9,42), (11,27,51,57,33,32,47,61), (6,60,58,40,7,49,17,5), (48,14,38,4,62,23,30,36)
114281
(63,22,44,45,50,35,13,56), (18,24,55,26,46,64,31,54), (12,59,43,21,2,10,53,20), (37,28,3,8,1,19,34,25), (16,52,41,15,29,39,9,42), (11,27,51,57,33,32,47,61), (6,60,58,40,7,49,17,5), (48,14,38,4,62,23,30,36)
116465
(63,60,44,45,50,35,13,56), (18,24,55,26,46,64,31,54), (12,59,43,21,2,10,53,20), (37,28,3,8,1,19,34,25), (16,52,41,15,29,39,9,42), (11,27,51,57,33,32,47,61), (6,22,58,40,7,49,17,5), (48,14,38,4,62,23,30,36)
118313
(63,60,44,45,50,35,24,56), (18,13,55,26,46,64,31,54), (12,59,43,21,2,10,53,20), (37,28,3,8,1,19,34,25), (16,52,41,15,29,39,9,42), (11,27,51,57,33,32,47,61), (6,22,58,40,7,49,17,5), (48,14,38,4,62,23,30,36)
120044
(63,60,44,45,11,35,24,56), (18,13,55,26,46,64,31,54), (12,59,43,21,2,10,53,20), (37,28,3,8,1,19,34,25), (16,52,41,15,29,39,9,42), (50,27,51,57,33,32,47,61), (6,22,58,40,7,49,17,5), (48,14,38,4,62,23,30,36)
121692
(63,60,44,45,11,35,24,56), (18,13,55,26,46,64,31,54), (12,59,43,61,2,10,53,20), (37,28,3,8,1,19,34,25), (16,52,41,15,29,39,9,42), (50,27,51,57,33,32,47,21), (6,22,58,40,7,49,17,5), (48,14,38,4,62,23,30,36)
123292
(63,60,44,45,11,35,24,56), (18,13,55,26,46,64,31,54), (12,59,43,61,2,10,53,20), (37,28,3,8,1,19,34,25), (16,5,41,15,29,39,9,42), (50,27,51,57,33,32,47,21), (6,22,58,40,7,49,17,52), (48,14,38,4,62,23,30,36)
124628
(63,60,44,45,11,35,24,56), (18,13,55,26,46,64,31,54), (12,59,43,61,2,10,53,20), (37,28,3,8,1,19,34,25), (16,5,41,17,29,39,9,42), (50,27,51,57,33,32,47,21), (6,22,58,40,7,49,15,52), (48,14,38,4,62,23,30,36)
125793
(63,60,44,45,11,35,24,56), (18,13,55,26,46,64,31,54), (12,59,43,61,2,10,53,20), (37,28,3,8,1,19,34,25), (16,5,41,17,29,39,9,42), (50,27,51,57,33,32,47,21), (6,22,58,23,7,49,15,52), (48,14,38,4,62,40,30,36)
126984
(63,60,44,45,11,35,24,56), (18,13,55,26,46,64,31,54), (12,59,43,61,2,10,53,20), (8,28,3,37,1,19,34,25), (16,5,41,17,29,39,9,42), (50,27,51,57,33,32,47,21), (6,22,58,23,7,49,15,52), (48,14,38,4,62,40,30,36)
128040
(63,60,44,45,11,35,24,56), (18,13,55,26,46,64,31,54), (12,59,43,61,2,10,53,20), (8,6,3,37,1,19,34,25), (16,5,41,17,29,39,9,42), (50,27,51,57,33,32,47,21), (28,22,58,23,7,49,15,52), (48,14,38,4,62,40,30,36)
129016
(63,60,44,45,57,35,24,56), (18,13,55,26,46,64,31,54), (12,59,43,61,2,10,53,20), (8,6,3,37,1,19,34,25), (16,5,41,17,29,39,9,42), (50,27,51,11,33,32,47,21), (28,22,58,23,7,49,15,52), (48,14,38,4,62,40,30,36)
129728
(63,60,44,45,57,35,24,56), (18,13,55,26,46,64,31,54), (12,59,43,61,2,10,53,20), (8,6,3,37,1,19,34,25), (16,5,41,17,29,39,9,42), (50,27,51,11,47,32,33,21), (28,22,58,23,7,49,15,52), (48,14,38,4,62,40,30,36)
130400
(63,60,44,45,57,35,24,56), (18,13,55,26,46,64,31,54), (12,59,43,61,2,10,29,20), (8,6,3,37,1,19,34,25), (16,5,41,17,53,39,9,42), (50,27,51,11,47,32,33,21), (28,22,58,23,7,49,15,52), (48,14,38,4,62,40,30,36)
131054
(63,60,44,45,57,35,24,56), (18,13,55,26,46,64,31,54), (12,59,43,61,2,10,29,20), (8,6,3,37,1,19,34,25), (16,5,41,17,53,39,9,14), (50,27,51,11,47,32,33,21), (28,22,58,23,7,49,15,52), (48,42,38,4,62,40,30,36)
131777
(60,63,44,45,57,35,24,56), (18,13,55,26,46,64,31,54), (12,59,43,61,2,10,29,20), (8,6,3,37,1,19,34,25), (16,5,41,17,53,39,9,14), (50,27,51,11,47,32,33,21), (28,22,58,23,7,49,15,52), (48,42,38,4,62,40,30,36)
132369
(60,63,44,45,57,35,24,56), (18,13,55,26,46,64,31,54), (12,59,43,61,2,10,29,20), (8,6,3,37,1,19,34,25), (16,5,41,17,53,39,9,14), (50,27,51,11,47,4,33,21), (28,22,58,23,7,49,15,52), (48,42,38,32,62,40,30,36)
133048
(60,63,44,45,57,16,24,56), (18,13,55,26,46,64,31,54), (12,59,43,61,2,10,29,20), (8,6,3,37,1,19,34,25), (35,5,41,17,53,39,9,14), (50,27,51,11,47,4,33,21), (28,22,58,23,7,49,15,52), (48,42,38,32,62,40,30,36)
133628
(60,63,44,45,57,16,24,56), (18,13,55,26,46,64,31,54), (12,59,43,61,2,10,29,20), (8,6,3,37,1,19,34,25), (35,5,41,17,53,39,9,14), (50,27,51,11,47,4,33,21), (28,62,58,23,7,49,15,52), (48,42,38,32,22,40,30,36)
134056
(60,63,44,45,57,16,24,56), (18,26,55,13,46,64,31,54), (12,59,43,61,2,10,29,20), (8,6,3,37,1,19,34,25), (35,5,41,17,53,39,9,14), (50,27,51,11,47,4,33,21), (28,62,58,23,7,49,15,52), (48,42,38,32,22,40,30,36)
134456
(60,63,44,45,57,16,24,56), (18,26,55,13,46,64,31,54), (12,59,43,61,2,10,29,20), (8,6,3,37,1,19,34,25), (35,5,41,17,53,49,9,14), (50,27,51,11,47,4,33,21), (28,62,58,23,7,39,15,52), (48,42,38,32,22,40,30,36)
134840
(60,63,44,45,57,16,24,56), (18,26,55,13,46,64,31,54), (12,17,43,61,2,10,29,20), (8,6,3,37,1,19,34,25), (35,5,41,59,53,49,9,14), (50,27,51,11,47,4,33,21), (28,62,58,23,7,39,15,52), (48,42,38,32,22,40,30,36)
135131
(60,63,44,45,57,16,24,56), (18,26,55,13,46,31,64,54), (12,17,43,61,2,10,29,20), (8,6,3,37,1,19,34,25), (35,5,41,59,53,49,9,14), (50,27,51,11,47,4,33,21), (28,62,58,23,7,39,15,52), (48,42,38,32,22,40,30,36)
135328
(60,63,44,45,57,16,24,56), (18,26,55,13,46,31,64,54), (12,17,43,61,2,29,10,20), (8,6,3,37,1,19,34,25), (35,5,41,59,53,49,9,14), (50,27,51,11,47,4,33,21), (28,62,58,23,7,39,15,52), (48,42,38,32,22,40,30,36)
135522
(60,63,44,45,57,16,24,56), (18,26,55,13,46,31,64,54), (12,17,43,61,2,29,10,20), (8,6,3,37,1,19,34,25), (35,5,41,59,53,49,9,14), (50,27,51,11,47,4,33,21), (28,62,58,23,7,39,15,52), (48,42,32,38,22,40,30,36)
135702
(60,63,44,15,57,16,24,56), (18,26,55,13,46,31,64,54), (12,17,43,61,2,29,10,20), (8,6,3,37,1,19,34,25), (35,5,41,59,53,49,9,14), (50,27,51,11,47,4,33,21), (28,62,58,23,7,39,45,52), (48,42,32,38,22,40,30,36)
135858
(60,63,44,15,57,16,24,56), (18,26,55,13,46,31,64,54), (12,17,49,61,2,29,10,20), (8,6,3,37,1,19,34,25), (35,5,41,59,53,43,9,14), (50,27,51,11,47,4,33,21), (28,62,58,23,7,39,45,52), (48,42,32,38,22,40,30,36)
136007
(60,63,44,15,57,16,24,56), (18,26,55,13,46,31,64,54), (12,17,49,61,2,29,10,20), (8,6,3,37,1,19,34,25), (35,5,41,59,53,43,9,14), (50,27,51,11,47,4,33,21), (28,62,58,23,7,39,52,45), (48,42,32,38,22,40,30,36)
136179
(60,63,44,15,57,16,24,56), (18,26,55,13,46,31,64,54), (12,17,49,61,2,29,10,20), (8,9,3,37,1,19,34,25), (35,5,41,59,53,43,6,14), (50,27,51,11,47,4,33,21), (28,62,58,23,7,39,52,45), (48,42,32,38,22,40,30,36)
136327
(60,63,44,15,57,16,24,56), (18,26,55,13,46,31,64,54), (12,51,49,61,2,29,10,20), (8,9,3,37,1,19,34,25), (35,5,41,59,53,43,6,14), (50,27,17,11,47,4,33,21), (28,62,58,23,7,39,52,45), (48,42,32,38,22,40,30,36)
136456
(60,63,44,15,57,16,24,56), (18,26,55,13,46,31,64,54), (12,51,49,61,2,29,10,20), (8,9,3,37,1,19,34,25), (35,5,41,59,53,43,6,14), (50,62,17,11,47,4,33,21), (28,27,58,23,7,39,52,45), (48,42,32,38,22,40,30,36)
136562
(60,63,44,15,57,16,24,56), (18,26,55,13,46,10,64,54), (12,51,49,61,2,29,31,20), (8,9,3,37,1,19,34,25), (35,5,41,59,53,43,6,14), (50,62,17,11,47,4,33,21), (28,27,58,23,7,39,52,45), (48,42,32,38,22,40,30,36)
136658
(60,63,44,15,57,64,24,56), (18,26,55,13,46,10,16,54), (12,51,49,61,2,29,31,20), (8,9,3,37,1,19,34,25), (35,5,41,59,53,43,6,14), (50,62,17,11,47,4,33,21), (28,27,58,23,7,39,52,45), (48,42,32,38,22,40,30,36)
136740
(60,63,44,15,57,64,24,56), (18,26,55,13,46,10,16,54), (12,51,49,61,2,29,31,20), (8,9,3,37,1,19,34,25), (35,5,41,59,53,43,6,14), (50,62,17,11,47,7,33,21), (28,27,58,23,4,39,52,45), (48,42,32,38,22,40,30,36)
136776
(60,63,44,15,57,64,24,56), (18,26,55,49,46,10,16,54), (12,51,13,61,2,29,31,20), (8,9,3,37,1,19,34,25), (35,5,41,59,53,43,6,14), (50,62,17,11,47,7,33,21), (28,27,58,23,4,39,52,45), (48,42,32,38,22,40,30,36)
136796
(60,63,44,15,57,64,54,56), (18,26,55,49,46,10,16,24), (12,51,13,61,2,29,31,20), (8,9,3,37,1,19,34,25), (35,5,41,59,53,43,6,14), (50,62,17,11,47,7,33,21), (28,27,58,23,4,39,52,45), (48,42,32,38,22,40,30,36)
136812
(60,63,44,15,57,64,54,56), (18,26,55,49,46,10,16,24), (12,51,13,61,2,29,31,20), (8,9,43,37,1,19,34,25), (35,5,41,59,53,3,6,14), (50,62,17,11,47,7,33,21), (28,27,58,23,4,39,52,45), (48,42,32,38,22,40,30,36)
136828
(60,63,44,15,57,64,54,56), (18,26,55,49,46,10,16,24), (12,51,13,61,2,29,31,20), (8,9,43,37,1,19,34,25), (35,5,41,59,53,3,6,14), (50,62,11,17,47,7,33,21), (28,27,58,23,4,39,52,45), (48,42,32,38,22,40,30,36)
136847
(60,63,15,44,57,64,54,56), (18,26,55,49,46,10,16,24), (12,51,13,61,2,29,31,20), (8,9,43,37,1,19,34,25), (35,5,41,59,53,3,6,14), (50,62,11,17,47,7,33,21), (28,27,58,23,4,39,52,45), (48,42,32,38,22,40,30,36)
136852
(60,63,15,44,57,64,54,56), (18,26,55,49,46,10,16,24), (12,51,13,2,61,29,31,20), (8,9,43,37,1,19,34,25), (35,5,41,59,53,3,6,14), (50,62,11,17,47,7,33,21), (28,27,58,23,4,39,52,45), (48,42,32,38,22,40,30,36)
136855
(60,63,15,57,44,64,54,56), (18,26,55,49,46,10,16,24), (12,51,13,2,61,29,31,20), (8,9,43,37,1,19,34,25), (35,5,41,59,53,3,6,14), (50,62,11,17,47,7,33,21), (28,27,58,23,4,39,52,45), (48,42,32,38,22,40,30,36)
136870
(60,63,15,57,44,64,54,56), (18,26,55,49,46,10,16,24), (12,51,13,2,61,29,31,20), (8,9,43,37,1,19,34,25), (35,4,41,59,53,3,6,14), (50,62,11,17,47,7,33,21), (28,27,58,23,5,39,52,45), (48,42,32,38,22,40,30,36)
136886
(60,63,15,57,44,64,54,56), (18,26,55,49,46,10,16,24), (12,51,13,2,61,29,31,20), (8,9,43,37,1,19,34,25), (35,4,41,59,53,3,6,14), (50,62,11,5,47,7,33,21), (28,27,58,23,17,39,52,45), (48,42,32,38,22,40,30,36)
136899
(60,63,15,57,44,64,54,56), (18,26,55,49,46,10,16,24), (12,51,13,2,61,29,34,20), (8,9,43,37,1,19,31,25), (35,4,41,59,53,3,6,14), (50,62,11,5,47,7,33,21), (28,27,58,23,17,39,52,45), (48,42,32,38,22,40,30,36)
136906
(60,63,15,57,44,64,54,56), (18,26,55,49,46,10,16,24), (12,51,13,2,61,29,34,20), (35,9,43,37,1,19,31,25), (8,4,41,59,53,3,6,14), (50,62,11,5,47,7,33,21), (28,27,58,23,17,39,52,45), (48,42,32,38,22,40,30,36)
136922
(60,63,12,57,44,64,54,56), (18,26,55,49,46,10,16,24), (15,51,13,2,61,29,34,20), (35,9,43,37,1,19,31,25), (8,4,41,59,53,3,6,14), (50,62,11,5,47,7,33,21), (28,27,58,23,17,39,52,45), (48,42,32,38,22,40,30,36)
136956
(60,63,12,57,44,64,54,56), (18,26,55,49,46,10,16,24), (15,51,13,2,61,29,34,20), (35,9,43,37,1,19,31,25), (8,4,41,59,53,3,6,14), (50,62,11,5,47,7,33,21), (28,27,58,23,17,39,52,45), (48,42,32,38,22,40,36,30)
136970
(60,63,12,57,22,64,54,56), (18,26,55,49,46,10,16,24), (15,51,13,2,61,29,34,20), (35,9,43,37,1,19,31,25), (8,4,41,59,53,3,6,14), (50,62,11,5,47,7,33,21), (28,27,58,23,17,39,52,45), (48,42,32,38,44,40,36,30)
136991
(60,63,12,57,22,64,54,56), (18,26,55,49,46,10,16,24), (15,51,13,2,61,29,34,20), (35,4,43,37,1,19,31,25), (8,9,41,59,53,3,6,14), (50,62,11,5,47,7,33,21), (28,27,58,23,17,39,52,45), (48,42,32,38,44,40,36,30)
136998
(60,63,12,57,22,64,54,56), (18,26,55,49,46,10,16,24), (15,51,13,2,61,29,34,20), (35,4,43,37,1,19,31,25), (8,62,41,59,53,3,6,14), (50,9,11,5,47,7,33,21), (28,27,58,23,17,39,52,45), (48,42,32,38,44,40,36,30)
137007
(60,63,12,57,22,64,54,56), (18,26,55,49,46,10,16,24), (15,51,13,2,61,29,34,20), (35,4,43,37,1,19,31,25), (8,62,41,59,53,3,33,14), (50,9,11,5,47,7,6,21), (28,27,58,23,17,39,52,45), (48,42,32,38,44,40,36,30)
137015
(60,63,12,57,22,64,54,56), (18,26,55,49,46,10,16,24), (15,51,13,2,61,29,34,20), (35,4,43,37,1,19,31,25), (8,62,41,59,53,3,33,14), (50,58,11,5,47,7,6,21), (28,27,9,23,17,39,52,45), (48,42,32,38,44,40,36,30)
137023
(60,63,12,57,22,64,54,56), (18,26,55,49,46,10,16,24), (15,51,13,2,3,29,34,20), (35,4,43,37,1,19,31,25), (8,62,41,59,53,61,33,14), (50,58,11,5,47,7,6,21), (28,27,9,23,17,39,52,45), (48,42,32,38,44,40,36,30)
137028
(60,63,12,57,22,64,54,56), (18,26,55,49,46,10,16,24), (15,51,13,41,3,29,34,20), (35,4,43,37,1,19,31,25), (8,62,2,59,53,61,33,14), (50,58,11,5,47,7,6,21), (28,27,9,23,17,39,52,45), (48,42,32,38,44,40,36,30)
137036
(30,40,52,22,21,12,56,48), (36,27,58,34,23,4,38,45), (64,55,5,2,13,7,9,50), (6,49,3,47,37,43,31,33), (14,62,41,53,61,59,51,35), (57,25,17,1,19,29,10,32), (63,15,39,11,46,8,26,42), (24,28,20,16,44,18,54,60)
137044
(30,40,52,22,21,12,56,48), (36,27,58,34,23,4,38,45), (64,55,5,2,13,7,9,50), (14,49,3,47,37,43,31,33), (6,62,41,53,61,59,51,35), (57,25,17,1,19,29,10,32), (63,15,39,11,46,8,26,42), (24,28,20,16,44,18,54,60)
137054
(30,40,52,22,21,12,56,48), (36,27,58,34,23,4,38,45), (64,55,5,3,13,7,9,50), (14,49,2,47,37,43,31,33), (6,62,41,53,61,59,51,35), (57,25,17,1,19,29,10,32), (63,15,39,11,46,8,26,42), (24,28,20,16,44,18,54,60)
137057
(30,40,52,22,21,12,56,48), (36,27,58,34,23,4,38,45), (64,55,5,3,13,7,9,50), (14,49,2,47,37,43,31,33), (6,62,41,53,61,59,51,35), (57,25,17,1,19,29,10,32), (63,15,39,46,11,8,26,42), (24,28,20,16,44,18,54,60)
137065
(24,28,64,51,52,18,42,60), (40,44,62,5,13,9,15,54), (16,38,49,61,23,7,55,50), (6,11,1,37,41,47,29,10), (21,58,3,43,59,53,57,8), (27,25,17,19,2,31,34,63), (36,14,39,46,4,33,22,56), (30,45,20,35,26,12,32,48)
137066
(24,28,64,51,52,18,42,60), (40,44,62,5,13,9,15,54), (16,38,49,61,23,7,55,50), (6,11,1,37,41,47,29,10), (21,58,3,43,59,53,57,8), (27,25,17,2,19,31,34,63), (36,14,39,46,4,33,22,56), (30,45,20,35,26,12,32,48)
137085
(30,63,20,26,6,15,64,36), (56,27,38,29,11,33,35,24), (12,22,13,2,23,31,34,16), (14,4,53,59,1,43,49,8), (51,25,37,47,61,3,19,50), (18,62,7,5,41,17,9,28), (40,57,55,46,58,39,10,42), (48,32,45,21,52,44,54,60)
137139
(30,63,20,26,6,15,64,36), (56,27,38,29,11,33,35,24), (12,22,13,2,23,31,34,16), (14,4,53,59,1,43,49,50), (51,25,37,47,61,3,19,8), (18,62,7,5,41,17,9,28), (40,57,55,46,58,39,10,42), (48,32,45,21,52,44,54,60)
137171
(30,63,20,26,6,15,64,36), (56,27,38,29,11,33,35,24), (12,22,13,2,23,31,34,16), (14,4,53,59,1,5,49,50), (51,25,37,47,61,3,19,8), (18,62,7,43,41,17,9,28), (40,57,55,46,58,39,10,42), (48,32,45,21,52,44,54,60)
137203
(30,63,20,26,6,15,64,36), (56,27,38,29,11,33,35,24), (12,22,13,2,23,31,34,16), (14,4,53,59,1,5,49,50), (51,25,37,47,61,3,19,8), (18,62,7,43,41,17,9,28), (40,55,57,46,58,39,10,42), (48,32,45,21,52,44,54,60)
137215
(30,63,20,26,6,15,64,36), (56,27,38,29,11,34,35,24), (12,22,13,2,23,31,33,16), (14,4,53,59,1,5,49,50), (51,25,37,47,61,3,19,8), (18,62,7,43,41,17,9,28), (40,55,57,46,58,39,10,42), (48,32,45,21,52,44,54,60)
137219
(30,63,20,52,6,15,64,36), (56,27,38,29,11,34,35,24), (12,22,13,2,23,31,33,16), (14,4,53,59,1,5,49,50), (51,25,37,47,61,3,19,8), (18,62,7,43,41,17,9,28), (40,55,57,46,58,39,10,42), (48,32,45,21,26,44,54,60)
137223
(30,63,20,52,6,15,64,36), (56,27,38,29,11,34,35,24), (12,22,13,3,23,31,33,16), (14,4,53,59,1,5,49,50), (51,25,37,47,61,2,19,8), (18,62,7,43,41,17,9,28), (40,55,57,46,58,39,10,42), (48,32,45,21,26,44,54,60)
137235
(30,63,20,52,6,15,64,36), (56,27,38,29,11,34,35,24), (12,22,13,3,23,31,33,16), (14,4,2,59,1,5,49,50), (51,25,37,47,61,53,19,8), (18,62,7,43,41,17,9,28), (40,55,57,46,58,39,10,42), (48,32,45,21,26,44,54,60)
137243
(30,63,20,52,6,15,64,36), (56,27,38,29,11,34,35,24), (12,22,13,3,23,31,33,16), (14,4,2,59,1,5,49,50), (25,51,37,47,61,53,19,8), (18,62,7,43,41,17,9,28), (40,55,57,46,58,39,10,42), (48,32,45,21,26,44,54,60)
137253
(30,63,20,52,6,15,64,36), (56,27,38,29,11,34,35,24), (12,22,13,3,23,31,33,16), (14,4,2,59,1,5,49,50), (25,51,37,47,61,53,19,10), (18,62,7,43,41,17,9,28), (40,55,57,46,58,39,8,42), (48,32,45,21,26,44,54,60)
137257
(30,63,20,52,6,15,64,36), (56,27,38,29,11,34,35,24), (12,22,13,3,23,31,33,16), (14,4,2,59,1,53,49,50), (25,51,37,47,61,5,19,10), (18,62,7,43,41,17,9,28), (40,55,57,46,58,39,8,42), (48,32,45,21,26,44,54,60)
90872
(46,13,32,40,41,36,26,60), (27,29,12,51,37,53,48,31), (6,2,4,3,9,42,28,17), (64,16,34,19,35,45,25,59), (50,1,33,14,22,5,55,38), (7,57,30,20,39,23,47,11), (24,62,15,43,8,61,63,21), (58,49,10,18,44,52,56,54)
92472
(46,13,32,40,41,36,26,60), (27,42,12,51,37,53,48,31), (6,2,4,3,9,29,28,17), (64,16,34,19,35,45,25,59), (50,1,33,14,22,5,55,38), (7,57,30,20,39,23,47,11), (24,62,15,43,8,61,63,21), (58,49,10,18,44,52,56,54)
93996
(46,13,32,40,35,36,26,60), (27,42,12,51,37,53,48,31), (6,2,4,3,9,29,28,17), (64,16,34,19,41,45,25,59), (50,1,33,14,22,5,55,38), (7,57,30,20,39,23,47,11), (24,62,15,43,8,61,63,21), (58,49,10,18,44,52,56,54)
95012
(46,33,32,40,35,36,26,60), (27,42,12,51,37,53,48,31), (6,2,4,3,9,29,28,17), (64,16,34,19,41,45,25,59), (50,1,13,14,22,5,55,38), (7,57,30,20,39,23,47,11), (24,62,15,43,8,61,63,21), (58,49,10,18,44,52,56,54)
96045
(46,33,32,40,35,36,26,60), (27,42,12,51,37,53,48,31), (6,2,4,3,9,29,28,17), (64,16,34,19,41,45,25,59), (50,1,13,14,22,5,55,38), (7,57,49,20,39,23,47,11), (24,62,15,43,8,61,63,21), (58,30,10,18,44,52,56,54)
97029
(46,33,32,40,35,36,26,60), (27,42,12,51,37,53,48,31), (6,2,4,3,9,29,28,17), (64,16,34,19,41,45,25,20), (50,1,13,14,22,5,55,38), (7,57,49,59,39,23,47,11), (24,62,15,43,8,61,63,21), (58,30,10,18,44,52,56,54)
89398
(62,40,54,25,38,47,9,44), (39,64,60,49,7,43,46,58), (36,4,42,8,41,29,15,10), (27,48,11,55,12,20,22,37), (16,35,23,57,33,51,53,59), (6,18,5,19,50,28,61,34), (14,1,2,26,63,13,52,21), (32,45,24,3,17,31,56,30)
91594
(62,40,54,25,38,47,9,44), (39,64,60,49,7,43,46,48), (36,4,42,8,41,29,15,10), (27,58,11,55,12,20,22,37), (16,35,23,57,33,51,53,59), (6,18,5,19,50,28,61,34), (14,1,2,26,63,13,52,21), (32,45,24,3,17,31,56,30)
93146
(62,40,54,25,38,51,9,44), (39,64,60,49,7,43,46,48), (36,4,42,8,41,29,15,10), (27,58,11,55,12,20,22,37), (16,35,23,57,33,47,53,59), (6,18,5,19,50,28,61,34), (14,1,2,26,63,13,52,21), (32,45,24,3,17,31,56,30)
84832
(61,45,13,31,28,47,1,24), (12,21,34,20,56,41,60,25), (15,33,46,18,19,32,17,63), (42,23,16,35,29,22,57,43), (11,10,38,14,55,51,27,62), (58,39,36,4,8,54,44,26), (59,5,49,40,48,9,6,37), (30,2,3,7,52,50,64,53)
87648
(61,45,13,31,28,47,1,24), (12,21,34,20,56,41,60,25), (15,33,46,18,19,32,17,63), (42,23,16,53,29,22,57,43), (11,10,38,14,55,51,27,62), (58,39,36,4,8,54,44,26), (59,5,49,40,48,9,6,37), (30,2,3,7,52,50,64,35)
90110
(56,45,13,31,28,47,1,24), (12,21,34,20,61,41,60,25), (15,33,46,18,19,32,17,63), (42,23,16,53,29,22,57,43), (11,10,38,14,55,51,27,62), (58,39,36,4,8,54,44,26), (59,5,49,40,48,9,6,37), (30,2,3,7,52,50,64,35)
91886
(56,45,13,31,28,47,55,24), (12,21,34,20,61,41,60,25), (15,33,46,18,19,32,17,63), (42,23,16,53,29,22,57,43), (11,10,38,14,1,51,27,62), (58,39,36,4,8,54,44,26), (59,5,49,40,48,9,6,37), (30,2,3,7,52,50,64,35)
89359
(33,58,7,18,25,14,40,38), (36,5,1,47,56,28,17,8), (4,59,11,60,45,30,37,22), (46,41,3,15,64,26,51,2), (35,9,12,62,10,16,21,20), (61,54,24,39,31,57,27,63), (34,19,53,55,42,44,23,13), (6,52,43,49,29,32,48,50)
91129
(33,58,7,18,25,14,40,38), (36,5,1,47,56,28,17,8), (4,59,11,61,45,30,37,22), (46,41,3,15,64,26,51,2), (35,9,12,62,10,16,21,20), (60,54,24,39,31,57,27,63), (34,19,53,55,42,44,23,13), (6,52,43,49,29,32,48,50)
92597
(33,58,7,18,25,14,40,38), (36,5,1,47,56,28,17,8), (4,59,11,61,45,13,37,22), (46,41,3,15,64,26,51,2), (35,9,12,62,10,16,21,20), (60,54,24,39,31,57,27,63), (34,19,53,55,42,44,23,30), (6,52,43,49,29,32,48,50)
88348
(44,35,37,56,10,25,51,64), (13,47,20,31,19,18,5,53), (49,9,1,57,41,48,46,14), (43,34,50,2,17,28,60,21), (36,12,32,58,27,45,4,24), (63,3,42,61,55,8,29,16), (15,38,33,11,22,30,6,59), (39,62,23,40,52,7,26,54)
90420
(44,35,37,56,10,25,51,64), (13,47,20,31,19,18,5,53), (49,9,1,57,41,48,46,14), (43,34,50,2,17,28,39,21), (36,12,32,58,27,45,4,24), (63,3,42,61,55,8,29,16), (15,38,33,11,22,30,6,59), (60,62,23,40,52,7,26,54)
92404
(44,35,37,56,10,25,51,64), (13,47,20,31,19,18,5,55), (49,9,1,57,41,48,46,14), (43,34,50,2,17,28,39,21), (36,12,32,58,27,45,4,24), (63,3,42,61,53,8,29,16), (15,38,33,11,22,30,6,59), (60,62,23,40,52,7,26,54)