
38490
(45,2,31,37,49,22,33), (16,47,28,9,13,36,42), (1,39,32,26,23,19,10), (30,44,7,12,43,21,3), (15,41,4,8,40,11,24), (6,29,25,34,27,17,48), (46,38,18,5,35,14,20)
39370
(45,2,40,37,49,22,33), (16,47,28,9,13,36,42), (1,39,32,26,23,19,10), (30,44,7,12,43,21,3), (15,41,4,8,31,11,24), (6,29,25,34,27,17,48), (46,38,18,5,35,14,20)
40046
(45,2,40,37,49,22,33), (16,47,28,9,13,36,42), (1,39,32,26,23,19,10), (30,46,7,12,43,21,3), (15,41,4,8,31,11,24), (6,29,25,34,27,17,48), (44,38,18,5,35,14,20)
40718
(45,2,40,37,49,22,33), (16,47,28,9,13,36,42), (21,39,32,26,23,19,10), (30,46,7,12,43,1,3), (15,41,4,8,31,11,24), (6,29,25,34,27,17,48), (44,38,18,5,35,14,20)
41369
(45,2,40,37,49,22,33), (16,47,28,9,13,36,42), (21,39,32,17,23,19,10), (30,46,7,12,43,1,3), (15,41,4,8,31,11,24), (6,29,25,34,27,26,48), (44,38,18,5,35,14,20)
41912
(45,2,40,12,49,22,33), (16,47,28,9,13,36,42), (21,39,32,17,23,19,10), (30,46,7,37,43,1,3), (15,41,4,8,31,11,24), (6,29,25,34,27,26,48), (44,38,18,5,35,14,20)
42376
(45,28,40,12,49,22,33), (16,47,2,9,13,36,42), (21,39,32,17,23,19,10), (30,46,7,37,43,1,3), (15,41,4,8,31,11,24), (6,29,25,34,27,26,48), (44,38,18,5,35,14,20)
42738
(45,28,40,12,49,22,33), (16,47,2,9,13,36,42), (21,39,29,17,23,19,10), (30,46,7,37,43,1,3), (15,41,4,8,31,11,24), (6,32,25,34,27,26,48), (44,38,18,5,35,14,20)
43047
(45,28,40,12,49,22,33), (16,8,2,9,13,36,42), (21,39,29,17,23,19,10), (30,46,7,37,43,1,3), (15,41,4,47,31,11,24), (6,32,25,34,27,26,48), (44,38,18,5,35,14,20)
35791
(13,10,32,48,37,24,36), (16,21,35,26,33,23,41), (43,42,44,1,45,7,17), (8,38,15,11,34,49,47), (27,14,22,20,4,31,29), (28,30,40,9,18,39,2), (19,12,25,6,3,5,46)
37014
(13,10,32,48,37,24,36), (16,21,35,26,33,23,38), (43,42,44,1,45,7,17), (8,41,15,11,34,49,47), (27,14,22,20,4,31,29), (28,30,40,9,18,39,2), (19,12,25,6,3,5,46)
38027
(13,10,32,48,37,24,36), (16,21,35,26,33,23,38), (43,42,44,1,45,7,17), (8,41,15,11,34,49,47), (27,14,22,20,4,31,29), (28,30,46,9,18,39,2), (19,12,25,6,3,5,40)
38807
(13,10,32,48,37,24,36), (16,21,35,26,33,23,38), (43,42,44,1,45,7,17), (8,41,15,11,34,49,47), (27,14,22,29,4,31,20), (28,30,46,9,18,39,2), (19,12,25,6,3,5,40)
39576
(42,10,32,48,37,24,36), (16,21,35,26,33,23,38), (43,13,44,1,45,7,17), (8,41,15,11,34,49,47), (27,14,22,29,4,31,20), (28,30,46,9,18,39,2), (19,12,25,6,3,5,40)
40312
(42,10,32,48,37,24,36), (16,21,35,26,33,23,38), (43,13,5,1,45,7,17), (8,41,15,11,34,49,47), (27,14,22,29,4,31,20), (28,30,46,9,18,39,2), (19,12,25,6,3,44,40)
41003
(42,10,32,48,37,24,36), (16,21,35,26,33,23,38), (34,13,5,1,45,7,17), (8,41,15,11,43,49,47), (27,14,22,29,4,31,20), (28,30,46,9,18,39,2), (19,12,25,6,3,44,40)
41595
(42,10,32,48,37,24,36), (16,21,2,26,33,23,38), (34,13,5,1,45,7,17), (8,41,15,11,43,49,47), (27,14,22,29,4,31,20), (28,30,46,9,18,39,35), (19,12,25,6,3,44,40)
42243
(42,10,32,48,45,24,36), (16,21,2,26,33,23,38), (34,13,5,1,37,7,17), (8,41,15,11,43,49,47), (27,14,22,29,4,31,20), (28,30,46,9,18,39,35), (19,12,25,6,3,44,40)
42825
(42,10,32,48,45,24,36), (16,21,2,26,33,23,38), (34,13,5,1,37,7,17), (8,41,15,11,43,49,47), (27,14,22,29,4,31,20), (28,19,46,9,18,39,35), (30,12,25,6,3,44,40)
43193
(42,10,32,48,45,24,36), (16,21,2,26,33,23,38), (34,13,5,1,37,7,17), (8,41,47,11,43,49,15), (27,14,22,29,4,31,20), (28,19,46,9,18,39,35), (30,12,25,6,3,44,40)
43478
(42,10,32,48,45,24,36), (16,21,2,26,33,23,38), (34,13,5,1,37,7,17), (8,41,47,11,43,49,15), (27,25,22,29,4,31,20), (28,19,46,9,18,39,35), (30,12,14,6,3,44,40)
43699
(42,10,32,48,45,24,36), (22,21,2,26,33,23,38), (34,13,5,1,37,7,17), (8,41,47,11,43,49,15), (27,25,16,29,4,31,20), (28,19,46,9,18,39,35), (30,12,14,6,3,44,40)
43906
(42,10,32,48,45,24,36), (22,21,2,26,33,23,38), (34,13,5,1,37,7,17), (8,41,47,11,43,49,15), (27,25,16,29,4,31,20), (28,19,46,9,3,39,35), (30,12,14,6,18,44,40)
44076
(42,10,32,48,45,24,36), (22,21,2,26,33,23,38), (34,13,5,1,37,7,17), (8,41,47,31,43,49,15), (27,25,16,29,4,11,20), (28,19,46,9,3,39,35), (30,12,14,6,18,44,40)
44218
(42,15,32,48,45,24,36), (22,21,2,26,33,23,38), (34,13,5,1,37,7,17), (8,41,47,31,43,49,10), (27,25,16,29,4,11,20), (28,19,46,9,3,39,35), (30,12,14,6,18,44,40)