
229529
(80,13,15,68,54,12,75,17,71), (55,42,65,53,61,58,52,16,18), (40,34,2,8,26,77,29,4,27), (33,46,24,10,37,76,44,56,3), (70,74,73,9,21,7,32,19,39), (59,50,81,48,36,35,28,62,66), (63,5,67,31,23,51,22,11,57), (64,79,47,1,25,72,69,43,45), (38,78,49,20,60,14,6,41,30)
236849
(80,13,15,68,54,12,75,17,48), (55,42,65,53,61,58,52,16,18), (40,34,2,8,26,77,29,4,27), (33,46,24,10,37,76,44,56,3), (70,74,73,9,21,7,32,19,39), (59,50,81,71,36,35,28,62,66), (63,5,67,31,23,51,22,11,57), (64,79,47,1,25,72,69,43,45), (38,78,49,20,60,14,6,41,30)
242545
(80,36,15,68,54,12,75,17,48), (55,42,65,53,61,58,52,16,18), (40,34,2,8,26,77,29,4,27), (33,46,24,10,37,76,44,56,3), (70,74,73,9,21,7,32,19,39), (59,50,81,71,13,35,28,62,66), (63,5,67,31,23,51,22,11,57), (64,79,47,1,25,72,69,43,45), (38,78,49,20,60,14,6,41,30)
247674
(80,36,15,68,54,12,75,17,48), (55,42,65,53,61,58,52,16,18), (40,34,2,8,26,77,29,4,27), (33,46,24,10,37,76,44,56,3), (70,74,73,9,21,7,32,19,39), (59,50,81,71,13,35,28,62,66), (63,5,67,31,23,51,22,11,57), (64,79,47,1,25,41,69,43,45), (38,78,49,20,60,14,6,72,30)
251807
(80,36,15,68,54,12,75,17,48), (55,42,65,53,61,58,52,16,18), (40,34,2,8,26,77,29,4,27), (33,46,79,10,37,76,44,56,3), (70,74,73,9,21,7,32,19,39), (59,50,81,71,13,35,28,62,66), (63,5,67,31,23,51,22,11,57), (64,24,47,1,25,41,69,43,45), (38,78,49,20,60,14,6,72,30)
255743
(80,36,15,68,54,12,75,17,48), (55,42,65,53,61,58,52,16,18), (57,34,2,8,26,77,29,4,27), (33,46,79,10,37,76,44,56,3), (70,74,73,9,21,7,32,19,39), (59,50,81,71,13,35,28,62,66), (63,5,67,31,23,51,22,11,40), (64,24,47,1,25,41,69,43,45), (38,78,49,20,60,14,6,72,30)
259935
(80,36,15,68,54,12,75,17,48), (55,42,65,53,61,58,52,16,18), (57,34,2,8,26,77,29,4,27), (33,46,79,10,37,76,44,56,3), (70,74,73,9,21,7,32,19,39), (59,50,81,71,13,35,28,62,66), (63,5,67,31,23,51,22,11,40), (64,24,47,1,25,41,69,43,45), (60,78,49,20,38,14,6,72,30)
263779
(80,36,15,68,54,12,75,35,48), (55,42,65,53,61,58,52,16,18), (57,34,2,8,26,77,29,4,27), (33,46,79,10,37,76,44,56,3), (70,74,73,9,21,7,32,19,39), (59,50,81,71,13,17,28,62,66), (63,5,67,31,23,51,22,11,40), (64,24,47,1,25,41,69,43,45), (60,78,49,20,38,14,6,72,30)
266863
(80,36,15,68,54,12,75,35,48), (55,42,65,53,61,58,52,16,18), (57,34,2,8,26,77,29,4,27), (33,46,79,10,37,76,59,56,3), (70,74,73,9,21,7,32,19,39), (44,50,81,71,13,17,28,62,66), (63,5,67,31,23,51,22,11,40), (64,24,47,1,25,41,69,43,45), (60,78,49,20,38,14,6,72,30)
269815
(80,36,15,68,54,12,75,35,48), (55,42,65,53,61,58,52,16,18), (57,34,2,8,26,77,29,4,27), (33,46,79,10,37,76,59,56,3), (70,74,73,9,43,7,32,19,39), (44,50,81,71,13,17,28,62,66), (63,5,67,31,23,51,22,11,40), (64,24,47,1,25,41,69,21,45), (60,78,49,20,38,14,6,72,30)
271892
(80,36,15,68,54,12,75,35,48), (55,42,65,53,61,58,52,16,18), (57,34,2,8,26,77,29,4,27), (33,46,79,10,37,76,59,56,3), (70,74,73,9,43,7,32,19,39), (44,50,81,71,13,17,49,62,66), (63,5,67,31,23,51,22,11,40), (64,24,47,1,25,41,69,21,45), (60,78,28,20,38,14,6,72,30)
273957
(80,36,15,68,54,12,75,35,48), (55,42,65,53,61,58,52,16,18), (57,34,2,8,26,77,29,4,27), (33,46,79,3,37,76,59,56,10), (70,74,73,9,43,7,32,19,39), (44,50,81,71,13,17,49,62,66), (63,5,67,31,23,51,22,11,40), (64,24,47,1,25,41,69,21,45), (60,78,28,20,38,14,6,72,30)
275772
(80,36,15,68,55,12,75,35,48), (54,42,65,53,61,58,52,16,18), (57,34,2,8,26,77,29,4,27), (33,46,79,3,37,76,59,56,10), (70,74,73,9,43,7,32,19,39), (44,50,81,71,13,17,49,62,66), (63,5,67,31,23,51,22,11,40), (64,24,47,1,25,41,69,21,45), (60,78,28,20,38,14,6,72,30)
277276
(80,36,15,68,55,12,75,35,48), (54,42,65,53,61,58,52,16,18), (57,34,2,8,26,77,29,4,27), (33,46,79,3,37,76,59,56,10), (70,74,73,9,43,7,32,19,39), (44,50,47,71,13,17,49,62,66), (63,5,67,31,23,51,22,11,40), (64,24,81,1,25,41,69,21,45), (60,78,28,20,38,14,6,72,30)
278740
(80,36,15,68,55,12,75,35,48), (54,42,65,76,61,58,52,16,18), (57,34,2,8,26,77,29,4,27), (33,46,79,3,37,53,59,56,10), (70,74,73,9,43,7,32,19,39), (44,50,47,71,13,17,49,62,66), (63,5,67,31,23,51,22,11,40), (64,24,81,1,25,41,69,21,45), (60,78,28,20,38,14,6,72,30)
280151
(80,36,15,68,55,12,75,70,48), (54,42,65,76,61,58,52,16,18), (57,34,2,8,26,77,29,4,27), (33,46,79,3,37,53,59,56,10), (35,74,73,9,43,7,32,19,39), (44,50,47,71,13,17,49,62,66), (63,5,67,31,23,51,22,11,40), (64,24,81,1,25,41,69,21,45), (60,78,28,20,38,14,6,72,30)
281507
(80,36,15,56,55,12,75,70,48), (54,42,65,76,61,58,52,16,18), (57,34,2,8,26,77,29,4,27), (33,46,79,3,37,53,59,68,10), (35,74,73,9,43,7,32,19,39), (44,50,47,71,13,17,49,62,66), (63,5,67,31,23,51,22,11,40), (64,24,81,1,25,41,69,21,45), (60,78,28,20,38,14,6,72,30)
282795
(80,36,15,56,55,12,75,70,48), (54,42,65,76,61,58,52,16,18), (57,34,2,8,26,77,23,4,27), (33,46,79,3,37,53,59,68,10), (35,74,73,9,43,7,32,19,39), (44,50,47,71,13,17,49,62,66), (63,5,67,31,29,51,22,11,40), (64,24,81,1,25,41,69,21,45), (60,78,28,20,38,14,6,72,30)
283975
(80,36,15,56,55,12,75,70,48), (54,42,65,76,61,58,52,16,18), (57,34,2,8,26,77,23,4,27), (33,46,79,3,37,53,59,68,10), (35,74,73,9,43,7,41,19,39), (44,50,47,71,13,17,49,62,66), (63,5,67,31,29,51,22,11,40), (64,24,81,1,25,32,69,21,45), (60,78,28,20,38,14,6,72,30)
284935
(80,36,15,56,55,12,75,70,48), (54,42,65,76,61,58,52,32,18), (57,34,2,8,26,77,23,4,27), (33,46,79,3,37,53,59,68,10), (35,74,73,9,43,7,41,19,39), (44,50,47,71,13,17,49,62,66), (63,5,67,31,29,51,22,11,40), (64,24,81,1,25,16,69,21,45), (60,78,28,20,38,14,6,72,30)
285775
(80,36,15,56,55,12,75,70,48), (54,42,65,76,61,58,52,32,18), (57,34,2,8,26,77,23,4,27), (33,46,79,3,37,53,59,68,10), (35,74,73,1,43,7,41,19,39), (44,50,47,71,13,17,49,62,66), (63,5,67,31,29,51,22,11,40), (64,24,81,9,25,16,69,21,45), (60,78,28,20,38,14,6,72,30)
286384
(80,36,15,56,55,12,75,70,48), (54,42,65,76,26,58,52,32,18), (57,34,2,8,61,77,23,4,27), (33,46,79,3,37,53,59,68,10), (35,74,73,1,43,7,41,19,39), (44,50,47,71,13,17,49,62,66), (63,5,67,31,29,51,22,11,40), (64,24,81,9,25,16,69,21,45), (60,78,28,20,38,14,6,72,30)
287025
(80,36,15,56,55,12,75,70,48), (54,42,65,76,26,58,39,32,18), (57,34,2,8,61,77,23,4,27), (33,46,79,3,37,53,59,68,10), (35,74,73,1,43,7,41,19,52), (44,50,47,71,13,17,49,62,66), (63,5,67,31,29,51,22,11,40), (64,24,81,9,25,16,69,21,45), (60,78,28,20,38,14,6,72,30)
287613
(80,36,15,56,55,12,75,70,48), (54,42,65,76,26,58,39,32,18), (57,34,2,8,61,77,23,4,27), (33,46,79,3,37,53,59,68,10), (35,74,73,1,43,7,41,19,52), (44,50,47,71,67,17,49,62,66), (63,5,13,31,29,51,22,11,40), (64,24,81,9,25,16,69,21,45), (60,78,28,20,38,14,6,72,30)
288189
(80,36,15,56,55,12,75,70,48), (54,42,65,76,26,58,39,32,18), (57,34,2,8,61,77,23,4,27), (33,46,79,3,59,53,37,68,10), (35,74,73,1,43,7,41,19,52), (44,50,47,71,67,17,49,62,66), (63,5,13,31,29,51,22,11,40), (64,24,81,9,25,16,69,21,45), (60,78,28,20,38,14,6,72,30)
288701
(80,36,15,56,55,12,75,70,48), (54,42,65,76,26,58,39,32,18), (57,34,2,8,61,77,23,4,27), (33,46,79,3,59,53,37,68,10), (35,74,73,1,43,7,41,19,52), (44,50,47,71,67,17,49,62,66), (63,5,13,31,29,51,22,11,40), (64,24,81,9,25,6,69,21,45), (60,78,28,20,38,14,16,72,30)
289173
(80,36,15,56,55,12,75,70,48), (54,42,65,76,26,58,39,32,18), (57,34,2,8,61,77,23,4,27), (33,46,79,3,59,53,37,68,10), (35,74,73,1,43,7,41,19,52), (44,50,47,71,67,17,49,62,66), (63,5,13,31,29,51,22,11,40), (64,24,81,9,25,6,69,21,45), (60,78,28,20,38,14,16,30,72)
289621
(80,36,15,56,55,12,75,70,48), (54,42,65,76,26,58,39,32,18), (57,34,2,8,61,77,23,4,27), (33,46,79,3,59,53,37,68,10), (35,74,73,1,43,7,41,19,52), (44,50,47,71,67,17,49,62,66), (63,51,13,31,29,5,22,11,40), (64,24,81,9,25,6,69,21,45), (60,78,28,20,38,14,16,30,72)
290065
(80,36,15,56,55,12,75,70,48), (54,42,65,76,26,58,39,32,18), (50,34,2,8,61,77,23,4,27), (33,46,79,3,59,53,37,68,10), (35,74,73,1,43,7,41,19,52), (44,57,47,71,67,17,49,62,66), (63,51,13,31,29,5,22,11,40), (64,24,81,9,25,6,69,21,45), (60,78,28,20,38,14,16,30,72)
290533
(80,36,15,56,76,12,75,70,48), (54,42,65,55,26,58,39,32,18), (50,34,2,8,61,77,23,4,27), (33,46,79,3,59,53,37,68,10), (35,74,73,1,43,7,41,19,52), (44,57,47,71,67,17,49,62,66), (63,51,13,31,29,5,22,11,40), (64,24,81,9,25,6,69,21,45), (60,78,28,20,38,14,16,30,72)
290969
(80,36,15,56,76,12,75,70,48), (54,42,65,55,26,58,39,32,18), (50,34,2,8,61,77,23,4,27), (33,46,79,3,59,53,37,68,10), (35,74,73,1,43,7,41,19,52), (44,57,47,71,67,17,49,62,66), (63,51,13,31,29,5,22,11,40), (24,64,81,9,25,6,69,21,45), (60,78,28,20,38,14,16,30,72)
291401
(80,36,15,56,76,12,75,70,48), (54,42,65,55,26,58,39,32,18), (50,34,2,8,61,11,23,4,27), (33,46,79,3,59,53,37,68,10), (35,74,73,1,43,7,41,19,52), (44,57,47,71,67,17,49,62,66), (63,51,13,31,29,5,22,77,40), (24,64,81,9,25,6,69,21,45), (60,78,28,20,38,14,16,30,72)
291826
(80,36,15,56,76,12,75,70,48), (54,42,65,55,26,58,39,32,18), (50,34,31,8,61,11,23,4,27), (33,46,79,3,59,53,37,68,10), (35,74,73,1,43,7,41,19,52), (44,57,47,71,67,17,49,62,66), (63,51,13,2,29,5,22,77,40), (24,64,81,9,25,6,69,21,45), (60,78,28,20,38,14,16,30,72)
292197
(80,36,15,56,76,12,75,70,48), (54,42,65,55,26,58,39,32,18), (50,34,31,8,61,11,23,4,27), (33,46,79,3,59,53,37,68,10), (35,74,73,1,43,7,41,19,52), (44,57,47,71,67,17,49,62,66), (63,51,13,2,29,5,22,77,45), (24,64,81,9,25,6,69,21,40), (60,78,28,20,38,14,16,30,72)
292597
(80,36,15,56,76,12,75,70,48), (54,42,65,55,26,58,39,32,18), (50,34,31,8,61,11,23,4,27), (33,46,79,3,59,53,37,68,20), (35,74,73,1,43,7,41,19,52), (44,57,47,71,67,17,49,62,66), (63,51,13,2,29,5,22,77,45), (24,64,81,9,25,6,69,21,40), (60,78,28,10,38,14,16,30,72)
292977
(80,36,15,56,76,12,75,70,48), (54,42,65,55,26,58,39,32,18), (50,34,31,8,61,11,23,4,27), (33,46,79,3,59,53,37,68,20), (35,74,73,1,43,7,41,19,21), (44,57,47,71,67,17,49,62,66), (63,51,13,2,29,5,22,77,45), (24,64,81,9,25,6,69,52,40), (60,78,28,10,38,14,16,30,72)
293247
(80,36,15,56,76,12,75,70,48), (54,42,65,55,26,58,39,32,18), (50,34,31,8,61,11,23,22,27), (33,46,79,3,59,53,37,68,20), (35,74,73,1,43,7,41,19,21), (44,57,47,71,67,17,49,62,66), (63,51,13,2,29,5,4,77,45), (24,64,81,9,25,6,69,52,40), (60,78,28,10,38,14,16,30,72)
293475
(80,36,15,56,76,12,75,70,48), (54,42,65,55,26,58,39,32,18), (50,34,31,8,61,11,23,22,27), (33,46,7,3,59,53,37,68,20), (35,74,73,1,43,79,41,19,21), (44,57,47,71,67,17,49,62,66), (63,51,13,2,29,5,4,77,45), (24,64,81,9,25,6,69,52,40), (60,78,28,10,38,14,16,30,72)
293786
(80,36,15,56,76,12,75,70,48), (54,42,65,55,26,58,39,32,18), (50,34,31,8,61,11,23,22,27), (33,46,7,3,59,53,37,68,20), (10,74,73,1,43,79,41,19,21), (44,57,47,71,67,17,49,62,66), (63,51,13,2,29,5,4,77,45), (24,64,81,9,25,6,69,52,40), (60,78,28,35,38,14,16,30,72)
294028
(80,36,42,56,76,12,75,70,48), (54,15,65,55,26,58,39,32,18), (50,34,31,8,61,11,23,22,27), (33,46,7,3,59,53,37,68,20), (10,74,73,1,43,79,41,19,21), (44,57,47,71,67,17,49,62,66), (63,51,13,2,29,5,4,77,45), (24,64,81,9,25,6,69,52,40), (60,78,28,35,38,14,16,30,72)
294251
(80,36,42,56,76,12,75,70,48), (54,15,65,55,26,58,39,32,18), (50,34,31,8,61,11,23,22,27), (33,46,7,3,59,53,37,68,20), (10,74,73,1,43,79,41,19,21), (44,57,47,71,67,17,49,62,45), (63,51,13,2,29,5,4,77,66), (24,64,81,9,25,6,69,52,40), (60,78,28,35,38,14,16,30,72)
294411
(80,36,42,56,76,12,75,70,48), (54,15,65,55,26,58,39,32,18), (50,34,31,8,61,11,23,22,27), (33,46,7,3,59,53,37,68,20), (10,74,73,1,43,79,17,19,21), (44,57,47,71,67,41,49,62,45), (63,51,13,2,29,5,4,77,66), (24,64,81,9,25,6,69,52,40), (60,78,28,35,38,14,16,30,72)
294563
(80,36,42,56,76,12,75,70,48), (54,15,65,55,26,58,39,32,18), (50,51,31,8,61,11,23,22,27), (33,46,7,3,59,53,37,68,20), (10,74,73,1,43,79,17,19,21), (44,57,47,71,67,41,49,62,45), (63,34,13,2,29,5,4,77,66), (24,64,81,9,25,6,69,52,40), (60,78,28,35,38,14,16,30,72)
294730
(80,36,42,56,76,12,75,70,48), (54,15,65,55,26,58,39,32,18), (50,51,31,8,61,11,23,22,20), (33,46,7,3,59,53,37,68,27), (10,74,73,1,43,79,17,19,21), (44,57,47,71,67,41,49,62,45), (63,34,13,2,29,5,4,77,66), (24,64,81,9,25,6,69,52,40), (60,78,28,35,38,14,16,30,72)
294886
(80,36,42,56,76,12,45,70,48), (54,15,65,55,26,58,39,32,18), (50,51,31,8,61,11,23,22,20), (33,46,7,3,59,53,37,68,27), (10,74,73,1,43,79,17,19,21), (44,57,47,71,67,41,49,62,75), (63,34,13,2,29,5,4,77,66), (24,64,81,9,25,6,69,52,40), (60,78,28,35,38,14,16,30,72)
295030
(80,36,42,56,76,12,45,70,48), (54,15,65,55,26,58,39,32,18), (50,51,31,8,61,11,23,22,20), (33,46,7,47,59,53,37,68,27), (10,74,73,1,43,79,17,19,21), (44,57,3,71,67,41,49,62,75), (63,34,13,2,29,5,4,77,66), (24,64,81,9,25,6,69,52,40), (60,78,28,35,38,14,16,30,72)
295174
(80,36,42,56,76,12,45,70,48), (54,15,65,55,26,58,39,32,18), (50,51,31,8,61,3,23,22,20), (33,46,7,47,59,53,37,68,27), (10,74,73,1,43,79,17,19,21), (44,57,11,71,67,41,49,62,75), (63,34,13,2,29,5,4,77,66), (24,64,81,9,25,6,69,52,40), (60,78,28,35,38,14,16,30,72)
295312
(80,36,42,56,76,12,45,70,48), (54,15,65,55,26,58,39,32,18), (50,51,31,8,61,3,23,22,20), (33,46,7,47,59,53,37,34,27), (10,74,73,1,43,79,17,19,21), (44,57,11,71,67,41,49,62,75), (63,68,13,2,29,5,4,77,66), (24,64,81,9,25,6,69,52,40), (60,78,28,35,38,14,16,30,72)
295440
(80,36,42,56,76,12,45,70,48), (54,15,65,55,26,58,39,32,75), (50,51,31,8,61,3,23,22,20), (33,46,7,47,59,53,37,34,27), (10,74,73,1,43,79,17,19,21), (44,57,11,71,67,41,49,62,18), (63,68,13,2,29,5,4,77,66), (24,64,81,9,25,6,69,52,40), (60,78,28,35,38,14,16,30,72)
295696
(80,36,42,56,76,12,45,70,48), (54,15,65,77,26,58,39,32,75), (50,51,31,8,61,3,23,22,20), (33,46,7,47,59,53,37,34,27), (10,74,73,1,43,79,17,19,21), (44,57,11,71,67,41,49,62,18), (63,68,13,2,29,5,4,55,66), (24,64,81,9,25,6,69,52,40), (60,78,28,35,38,14,16,30,72)
295856
(80,36,42,56,76,12,45,70,48), (54,15,65,77,26,58,39,32,75), (50,51,31,8,61,3,23,22,20), (33,46,7,47,59,53,37,34,27), (10,74,73,1,43,79,17,19,21), (44,57,11,71,67,41,49,62,18), (63,68,13,2,29,5,4,55,66), (24,64,81,9,25,6,69,52,40), (60,78,16,35,38,14,28,30,72)
296025
(80,36,42,56,76,12,45,70,48), (54,15,65,77,26,58,39,32,75), (50,51,31,8,61,3,23,22,20), (33,46,7,47,59,53,37,34,27), (10,74,73,1,43,79,17,19,21), (44,57,11,71,67,41,49,62,18), (63,68,13,2,29,5,4,55,66), (24,64,81,9,25,6,69,52,40), (60,78,35,16,38,14,28,30,72)
296143
(80,36,42,56,76,12,45,70,48), (54,15,65,77,26,8,39,32,75), (50,51,31,58,61,3,23,22,20), (33,46,7,47,59,53,37,34,27), (10,74,73,1,43,79,17,19,21), (44,57,11,71,67,41,49,62,18), (63,68,13,2,29,5,4,55,66), (24,64,81,9,25,6,69,52,40), (60,78,35,16,38,14,28,30,72)
296217
(80,36,42,56,76,12,45,70,48), (54,15,65,77,8,26,39,32,75), (50,51,31,58,61,3,23,22,20), (33,46,7,47,59,53,37,34,27), (10,74,73,1,43,79,17,19,21), (44,57,11,71,67,41,49,62,18), (63,68,13,2,29,5,4,55,66), (24,64,81,9,25,6,69,52,40), (60,78,35,16,38,14,28,30,72)
296289
(80,36,42,56,76,12,45,70,48), (54,15,65,77,8,26,39,32,75), (50,51,31,58,61,3,23,22,20), (33,46,7,47,59,53,19,34,27), (10,74,73,1,43,79,17,37,21), (44,57,11,71,67,41,49,62,18), (63,68,13,2,29,5,4,55,66), (24,64,81,9,25,6,69,52,40), (60,78,35,16,38,14,28,30,72)
296337
(80,36,42,56,76,12,45,70,48), (54,33,65,77,8,26,39,32,75), (50,51,31,58,61,3,23,22,20), (15,46,7,47,59,53,19,34,27), (10,74,73,1,43,79,17,37,21), (44,57,11,71,67,41,49,62,18), (63,68,13,2,29,5,4,55,66), (24,64,81,9,25,6,69,52,40), (60,78,35,16,38,14,28,30,72)
296417
(80,36,42,56,76,12,45,70,48), (54,33,65,77,8,26,39,32,75), (50,51,31,58,61,3,23,22,20), (15,46,7,47,59,53,19,34,27), (10,74,73,1,43,79,17,37,21), (44,57,11,71,67,41,49,62,18), (63,68,13,2,29,5,4,55,30), (24,64,81,9,25,6,69,52,40), (60,78,35,16,38,14,28,66,72)
296732
(80,36,42,56,76,12,45,70,48), (54,33,65,77,8,26,39,32,30), (50,51,31,58,61,3,23,22,20), (15,46,7,47,59,53,19,34,27), (10,74,73,1,43,79,17,37,21), (44,57,11,71,67,41,49,62,18), (63,68,13,2,29,5,4,55,75), (24,64,81,9,25,6,69,52,40), (60,78,35,16,38,14,28,66,72)
296828
(80,36,42,56,76,12,45,70,48), (54,33,65,77,8,26,39,32,30), (50,51,31,58,61,3,23,22,20), (44,46,7,47,59,53,19,34,27), (10,74,73,1,43,79,17,37,21), (15,57,11,71,67,41,49,62,18), (63,68,13,2,29,5,4,55,75), (24,64,81,9,25,6,69,52,40), (60,78,35,16,38,14,28,66,72)
296867
(80,36,42,33,76,12,45,70,48), (54,56,65,77,8,26,39,32,30), (50,51,31,58,61,3,23,22,20), (44,46,7,47,59,53,19,34,27), (10,74,73,1,43,79,17,37,21), (15,57,11,71,67,41,49,62,18), (63,68,13,2,29,5,4,55,75), (24,64,81,9,25,6,69,52,40), (60,78,35,16,38,14,28,66,72)
296909
(80,36,42,33,76,12,45,70,48), (54,56,65,77,8,26,39,32,30), (50,51,7,58,61,3,23,22,20), (44,46,31,47,59,53,19,34,27), (10,74,73,1,43,79,17,37,21), (15,57,11,71,67,41,49,62,18), (63,68,13,2,29,5,4,55,75), (24,64,81,9,25,6,69,52,40), (60,78,35,16,38,14,28,66,72)
296949
(80,36,42,33,76,12,45,70,48), (54,56,65,77,8,26,39,32,30), (50,51,7,58,61,3,23,22,20), (44,46,31,47,59,53,19,34,27), (10,74,73,1,43,79,17,37,21), (15,57,11,71,67,41,49,62,52), (63,68,13,2,29,5,4,55,75), (24,64,81,9,25,6,69,18,40), (60,78,35,16,38,14,28,66,72)
296988
(80,36,42,33,76,12,45,70,48), (54,56,65,77,8,26,39,32,30), (50,51,7,58,61,3,23,22,20), (44,46,31,47,59,53,19,34,27), (15,74,73,1,43,79,17,37,21), (10,57,11,71,67,41,49,62,52), (63,68,13,2,29,5,4,55,75), (24,64,81,9,25,6,69,18,40), (60,78,35,16,38,14,28,66,72)
297084
(80,36,42,33,76,12,45,70,48), (54,56,65,77,8,26,39,32,30), (50,51,7,58,61,3,23,22,20), (44,46,31,47,59,53,19,34,27), (15,74,73,1,43,79,17,37,21), (68,57,11,71,67,41,49,62,52), (63,10,13,2,29,5,4,55,75), (24,64,81,9,25,6,69,18,40), (60,78,35,16,38,14,28,66,72)
297116
(80,36,42,33,76,12,45,70,48), (54,56,65,77,8,26,39,32,30), (50,51,7,58,61,3,23,22,20), (44,46,31,47,59,53,19,34,27), (15,74,73,1,43,79,17,37,21), (68,57,11,71,67,41,49,62,52), (63,10,13,2,5,29,4,55,75), (24,64,81,9,25,6,69,18,40), (60,78,35,16,38,14,28,66,72)
297193
(80,36,42,33,76,12,45,70,48), (54,56,65,77,8,26,39,32,30), (50,51,58,7,61,3,23,22,20), (44,46,31,47,59,53,19,34,27), (15,74,73,1,43,79,17,37,21), (68,57,11,71,67,41,49,62,52), (63,10,13,2,5,29,4,55,75), (24,64,81,9,25,6,69,18,40), (60,78,35,16,38,14,28,66,72)
297233
(80,36,42,33,76,12,45,70,48), (54,50,65,77,8,26,39,32,30), (56,51,58,7,61,3,23,22,20), (44,46,31,47,59,53,19,34,27), (15,74,73,1,43,79,17,37,21), (68,57,11,71,67,41,49,62,52), (63,10,13,2,5,29,4,55,75), (24,64,81,9,25,6,69,18,40), (60,78,35,16,38,14,28,66,72)
297281
(80,36,42,33,76,12,45,70,48), (54,50,65,77,8,26,39,32,30), (56,51,58,7,61,3,23,22,20), (44,46,31,47,59,53,19,34,27), (15,74,73,1,43,79,17,37,21), (68,57,11,71,67,41,49,62,52), (63,10,13,2,5,29,4,55,75), (24,64,81,25,9,6,69,18,40), (60,78,35,16,38,14,28,66,72)
297321
(80,36,42,33,76,12,45,70,48), (54,50,65,77,8,26,39,32,30), (56,51,58,7,61,3,23,22,20), (44,46,31,47,59,53,19,34,27), (15,74,73,1,43,79,49,37,21), (68,57,11,71,67,41,17,62,52), (63,10,13,2,5,29,4,55,75), (24,64,81,25,9,6,69,18,40), (60,78,35,16,38,14,28,66,72)
297353
(80,36,42,33,76,12,45,70,48), (54,50,65,51,8,26,39,32,30), (56,77,58,7,61,3,23,22,20), (44,46,31,47,59,53,19,34,27), (15,74,73,1,43,79,49,37,21), (68,57,11,71,67,41,17,62,52), (63,10,13,2,5,29,4,55,75), (24,64,81,25,9,6,69,18,40), (60,78,35,16,38,14,28,66,72)
297449
(80,36,42,33,76,12,45,70,48), (54,50,65,51,8,26,39,32,30), (56,77,58,3,61,7,23,22,20), (44,46,31,47,59,53,19,34,27), (15,74,73,1,43,79,49,37,21), (68,57,11,71,67,41,17,62,52), (63,10,13,2,5,29,4,55,75), (24,64,81,25,9,6,69,18,40), (60,78,35,16,38,14,28,66,72)
297489
(80,36,42,33,76,12,45,70,48), (54,50,65,51,8,26,39,32,30), (56,77,58,3,61,23,7,22,20), (44,46,31,47,59,53,19,34,27), (15,74,73,1,43,79,49,37,21), (68,57,11,71,67,41,17,62,52), (63,10,13,2,5,29,4,55,75), (24,64,81,25,9,6,69,18,40), (60,78,35,16,38,14,28,66,72)
297529
(80,36,42,33,76,12,45,70,48), (54,50,65,51,8,26,39,32,30), (56,77,58,3,61,23,7,22,20), (44,46,31,47,59,53,19,34,27), (15,74,73,1,43,79,49,37,21), (68,57,11,71,67,41,17,62,52), (63,10,13,2,5,29,4,55,75), (24,35,81,25,9,6,69,18,40), (60,78,64,16,38,14,28,66,72)
297577
(80,36,42,33,76,12,45,30,48), (54,50,65,51,8,26,39,32,70), (56,77,58,3,61,23,7,22,20), (44,46,31,47,59,53,19,34,27), (15,74,73,1,43,79,49,37,21), (68,57,11,71,67,41,17,62,52), (63,10,13,2,5,29,4,55,75), (24,35,81,25,9,6,69,18,40), (60,78,64,16,38,14,28,66,72)
297613
(80,36,42,33,76,12,45,30,48), (54,50,65,51,8,26,39,32,70), (56,77,58,3,61,23,7,22,20), (44,46,31,47,59,53,19,34,27), (15,74,73,1,43,79,49,37,21), (68,57,2,71,67,41,17,62,52), (63,10,13,11,5,29,4,55,75), (24,35,81,25,9,6,69,18,40), (60,78,64,16,38,14,28,66,72)
297645
(80,36,42,33,76,12,45,30,48), (54,50,65,51,8,26,39,32,70), (56,77,58,3,61,23,7,22,20), (44,46,31,47,59,53,19,34,27), (15,74,73,1,43,79,49,37,21), (68,57,2,71,67,41,29,62,52), (63,10,13,11,5,17,4,55,75), (24,35,81,25,9,6,69,18,40), (60,78,64,16,38,14,28,66,72)
297660
(80,36,42,33,76,12,45,30,48), (54,50,26,51,8,65,39,32,70), (56,77,58,3,61,23,7,22,20), (44,46,31,47,59,53,19,34,27), (15,74,73,1,43,79,49,37,21), (68,57,2,71,67,41,29,62,52), (63,10,13,11,5,17,4,55,75), (24,35,81,25,9,6,69,18,40), (60,78,64,16,38,14,28,66,72)
297713
(80,36,42,33,76,12,45,30,48), (54,50,26,51,8,65,39,32,70), (56,77,58,3,61,23,7,22,20), (44,46,31,47,59,53,19,34,27), (15,74,73,1,43,79,49,37,21), (68,57,5,71,67,41,29,62,52), (63,10,13,11,2,17,4,55,75), (24,35,81,25,9,6,69,18,40), (60,78,64,16,38,14,28,66,72)
297749
(72,70,78,68,21,50,45,80,60), (54,64,65,22,62,8,6,33,56), (12,14,23,3,41,37,7,57,44), (16,55,29,53,67,79,2,69,81), (76,51,5,47,71,1,13,58,38), (63,9,19,43,61,59,17,25,52), (75,26,74,4,73,49,11,10,18), (30,28,77,46,31,34,15,35,48), (40,66,24,20,27,39,32,42,36)
297785
(72,70,78,68,21,50,45,80,60), (54,64,65,22,62,8,6,33,56), (12,14,23,3,41,37,7,57,44), (16,55,29,53,67,79,2,69,81), (76,51,5,47,71,1,13,58,38), (63,9,19,43,61,59,17,25,52), (75,26,74,31,73,49,11,10,18), (30,28,77,46,4,34,15,35,48), (40,66,24,20,27,39,32,42,36)
297817
(72,70,78,68,21,50,45,80,60), (54,64,65,22,62,8,6,33,56), (12,14,23,3,41,37,7,57,44), (16,55,29,53,67,79,2,69,81), (76,51,73,47,71,1,13,58,38), (63,9,19,43,61,59,17,25,52), (75,26,74,31,5,49,11,10,18), (30,28,77,46,4,34,15,35,48), (40,66,24,20,27,39,32,42,36)
297847
(72,70,78,68,21,50,45,80,60), (54,64,65,22,62,8,6,33,56), (12,14,23,3,41,37,7,57,44), (16,55,29,53,67,79,2,69,81), (76,51,73,47,71,1,13,58,38), (63,9,19,43,61,59,17,25,52), (75,26,74,5,31,49,11,10,18), (30,28,77,46,4,34,15,35,48), (40,66,24,20,27,39,32,42,36)
297871
(72,70,78,68,21,50,45,80,60), (54,64,65,22,62,8,6,33,56), (12,14,23,3,41,7,37,57,44), (16,55,29,53,67,79,2,69,81), (76,51,73,47,71,1,13,58,38), (63,9,19,43,61,59,17,25,52), (75,26,74,5,31,49,11,10,18), (30,28,77,46,4,34,15,35,48), (40,66,24,20,27,39,32,42,36)
297894
(72,70,78,68,21,50,45,80,60), (54,64,65,22,62,8,6,33,56), (12,14,23,3,41,7,37,57,44), (16,55,29,53,67,79,13,69,81), (76,51,73,47,71,1,2,58,38), (63,9,19,43,61,59,17,25,52), (75,26,74,5,31,49,11,10,18), (30,28,77,46,4,34,15,35,48), (40,66,24,20,27,39,32,42,36)
297904
(72,70,78,68,21,50,45,80,60), (54,64,14,22,62,8,6,33,56), (12,65,23,3,41,7,37,57,44), (16,55,29,53,67,79,13,69,81), (76,51,73,47,71,1,2,58,38), (63,9,19,43,61,59,17,25,52), (75,26,74,5,31,49,11,10,18), (30,28,77,46,4,34,15,35,48), (40,66,24,20,27,39,32,42,36)
297920
(72,70,78,68,21,50,45,80,60), (54,64,22,14,62,8,6,33,56), (12,65,23,3,41,7,37,57,44), (16,55,29,53,67,79,13,69,81), (76,51,73,47,71,1,2,58,38), (63,9,19,43,61,59,17,25,52), (75,26,74,5,31,49,11,10,18), (30,28,77,46,4,34,15,35,48), (40,66,24,20,27,39,32,42,36)
297930
(72,70,78,68,21,50,45,80,60), (54,64,22,14,62,6,8,33,56), (12,65,23,3,41,7,37,57,44), (16,55,29,53,67,79,13,69,81), (76,51,73,47,71,1,2,58,38), (63,9,19,43,61,59,17,25,52), (75,26,74,5,31,49,11,10,18), (30,28,77,46,4,34,15,35,48), (40,66,24,20,27,39,32,42,36)
192974
(40,2,36,12,59,63,71,32,78), (10,79,64,69,68,74,75,38,54), (18,65,81,22,42,44,73,23,9), (6,33,8,14,70,51,16,5,56), (26,43,35,11,41,61,4,47,29), (55,25,24,28,37,13,17,50,21), (76,15,67,66,62,60,19,80,20), (72,3,34,45,77,49,27,31,53), (7,52,1,58,48,39,57,46,30)
193168
(70,36,77,17,15,51,54,26,27), (8,3,62,31,72,33,6,76,48), (16,71,23,78,22,13,43,7,81), (4,40,10,47,12,80,73,75,69), (41,11,59,29,20,64,35,50,30), (68,67,58,32,74,1,39,61,60), (56,57,5,37,79,14,55,53,19), (44,9,65,45,52,63,46,38,2), (66,28,24,34,42,21,49,25,18)