
Starting
12410906
(1,258,84,182,214,92,278,223,115,287,53,266,246,152,267,37,195), (245,75,273,192,113,30,150,128,143,183,4,153,233,216,125,82,98), (39,213,122,64,163,41,260,47,104,247,89,204,62,86,222,111,7), (265,193,200,119,31,225,13,95,44,105,203,127,176,130,19,88,59), (33,211,145,50,289,18,184,199,26,74,76,160,83,58,100,188,106), (32,118,244,48,272,169,231,148,56,120,66,187,253,144,15,172,40), (46,109,205,281,34,28,2,45,112,24,217,124,17,181,229,29,87), (107,220,235,179,23,21,55,57,6,279,286,254,63,52,71,25,3), (238,70,156,186,243,196,103,141,280,43,35,257,255,67,224,139,252), (190,234,80,262,170,208,137,97,14,232,276,159,96,236,60,20,194), (110,185,202,283,240,218,171,69,129,264,284,274,131,168,177,9,227), (51,288,219,256,91,210,275,259,189,230,149,212,16,237,239,178,226), (61,36,251,191,123,81,121,85,72,175,271,133,154,164,22,151,215), (167,269,42,277,198,270,116,207,10,138,197,136,228,114,99,282,221), (108,5,140,126,248,94,79,90,209,268,68,165,173,180,201,161,65), (101,206,12,249,162,142,11,8,117,54,147,261,174,155,134,49,27), (285,93,38,73,146,241,166,77,78,102,157,135,158,132,242,263,250)
12236686
(1,258,84,182,214,92,278,223,115,287,53,266,246,152,267,37,195), (245,75,273,192,113,30,150,128,143,183,4,153,233,216,125,82,98), (39,213,122,64,163,41,260,47,104,247,89,204,62,86,222,111,7), (265,193,200,119,31,225,13,95,44,105,203,127,176,130,19,88,59), (33,211,145,50,289,18,184,199,26,74,76,160,83,58,100,188,106), (32,118,244,48,272,169,231,148,56,120,66,187,253,144,15,172,40), (46,109,205,281,34,28,2,45,112,24,217,124,17,181,229,29,87), (107,220,235,179,23,21,55,57,6,279,286,254,63,52,71,25,3), (238,70,156,186,243,196,103,141,280,43,35,257,255,67,224,139,252), (190,234,80,262,170,208,137,97,14,232,276,159,96,236,60,20,194), (110,185,202,283,240,218,171,69,129,264,284,274,131,168,177,9,227), (51,288,219,256,91,210,275,259,189,230,149,212,16,237,239,178,226), (61,36,251,191,123,81,121,85,72,175,271,133,154,164,22,151,215), (167,269,42,277,198,270,116,207,10,138,197,136,228,114,99,282,221), (108,5,140,126,248,94,79,90,209,268,68,165,173,180,201,161,65), (101,206,12,249,162,142,11,8,117,54,147,261,174,155,134,49,27), (285,93,38,73,146,241,166,77,78,102,157,135,158,132,242,263,250)
Starting
12896867
(127,260,245,174,22,125,64,124,225,93,253,181,170,17,113,233,173), (37,148,121,132,141,83,51,273,234,175,182,265,164,150,145,254,259), (129,54,210,80,184,242,9,264,122,78,163,55,154,285,224,270,94), (217,177,32,49,203,42,244,162,209,197,280,47,66,172,230,31,228), (36,92,194,5,16,226,261,187,20,11,6,44,126,235,283,240,200), (133,82,190,58,72,251,86,15,43,73,274,138,52,1,232,189,23), (282,262,114,212,119,53,135,152,188,123,278,107,96,271,81,250,266), (144,35,19,219,185,101,165,161,142,65,183,241,167,231,153,186,255), (115,198,116,159,222,179,149,207,272,176,171,134,25,34,268,95,238), (50,256,237,289,208,136,71,131,12,79,146,112,30,258,99,276,39), (269,128,108,206,156,204,252,288,236,33,100,75,97,18,279,62,24), (118,76,103,257,21,246,151,227,140,160,221,111,117,59,74,27,168), (143,77,38,110,267,48,91,68,169,40,243,8,213,63,191,220,229), (13,10,14,57,46,85,216,87,2,102,214,61,195,196,56,201,158), (249,106,130,223,104,45,192,3,120,109,239,205,178,69,263,248,89), (218,84,215,29,284,211,98,199,277,137,41,60,139,202,105,157,286), (7,166,247,26,4,180,155,281,70,28,88,90,147,67,193,287,275)
12719966
(127,260,245,174,22,125,64,124,225,93,253,181,170,17,113,233,173), (37,148,121,132,141,83,51,273,234,175,182,265,164,150,145,254,259), (129,54,210,80,184,242,9,264,122,78,163,55,154,285,224,270,94), (217,177,32,49,203,42,244,162,209,197,280,47,66,172,230,31,228), (36,92,194,5,16,226,261,187,20,11,6,44,126,235,283,240,200), (133,82,190,58,72,251,86,15,43,73,274,138,52,1,232,189,23), (282,262,114,212,119,53,135,152,188,123,278,107,96,271,81,250,266), (144,35,19,219,185,101,165,161,142,65,183,241,167,231,153,186,255), (115,198,116,159,222,179,149,207,272,176,171,134,25,34,268,95,238), (50,256,237,289,208,136,71,131,12,79,146,112,30,258,99,276,39), (269,128,108,206,156,204,252,288,236,33,100,75,97,18,279,62,24), (118,76,103,257,21,246,151,227,140,160,221,111,117,59,74,27,168), (143,77,38,110,267,48,91,68,169,40,243,8,213,63,191,220,229), (13,10,14,57,46,85,216,87,2,102,214,61,195,196,56,201,158), (249,106,130,223,104,45,192,3,120,109,239,205,178,69,263,248,89), (218,84,215,29,284,211,98,199,277,137,41,60,139,202,105,157,286), (7,166,247,26,4,180,155,281,70,28,88,90,147,67,193,287,275)
Starting
13016237
(37,169,210,218,286,38,3,278,172,2,15,207,275,79,135,45,228), (256,262,165,51,112,258,179,189,119,238,19,182,151,170,21,7,143), (173,138,35,33,108,139,231,282,208,269,9,114,88,128,203,12,133), (92,206,22,198,281,40,235,225,120,199,149,94,221,202,145,216,70), (98,154,83,266,215,213,178,81,153,101,180,249,255,52,194,156,25), (31,113,84,271,274,250,13,192,184,95,142,50,118,257,159,11,86), (148,80,110,158,85,124,245,174,253,82,209,28,177,68,74,41,116), (23,34,214,204,97,18,196,288,226,251,140,57,62,176,131,73,236), (27,43,100,246,181,137,17,115,59,162,200,144,71,224,16,55,53), (212,273,163,188,227,10,183,63,161,247,132,185,234,287,69,129,219), (1,8,285,121,289,75,39,26,109,42,54,193,64,122,244,261,241), (186,267,280,232,160,197,277,66,89,222,47,134,243,150,201,270,60), (175,93,254,106,164,5,65,166,268,168,104,76,284,102,58,117,107), (230,223,217,49,242,44,127,36,195,46,239,78,229,191,130,4,77), (147,248,259,20,263,72,157,125,48,126,32,276,211,283,187,272,103), (265,136,233,155,279,96,91,87,61,6,240,14,152,205,167,24,260), (237,171,252,99,141,29,105,30,190,123,67,111,264,220,90,146,56)
12807529
(37,169,210,218,286,38,3,278,172,2,15,207,275,79,135,45,228), (256,262,165,51,112,258,179,189,119,238,19,182,151,170,21,7,143), (173,138,35,33,108,139,231,282,208,269,9,114,88,128,203,12,133), (92,206,22,198,281,40,235,225,120,199,149,94,221,202,145,216,70), (98,154,83,266,215,213,178,81,153,101,180,249,255,52,194,156,25), (31,113,84,271,274,250,13,192,184,95,142,50,118,257,159,11,86), (148,80,110,158,85,124,245,174,253,82,209,28,177,68,74,41,116), (23,34,214,204,97,18,196,288,226,251,140,57,62,176,131,73,236), (27,43,100,246,181,137,17,115,59,162,200,144,71,224,16,55,53), (212,273,163,188,227,10,183,63,161,247,132,185,234,287,69,129,219), (1,8,285,121,289,75,39,26,109,42,54,193,64,122,244,261,241), (186,267,280,232,160,197,277,66,89,222,47,134,243,150,201,270,60), (175,93,254,106,164,5,65,166,268,168,104,76,284,102,58,117,107), (230,223,217,49,242,44,127,36,195,46,239,78,229,191,130,4,77), (147,248,259,20,263,72,157,125,48,126,32,276,211,283,187,272,103), (265,136,233,155,279,96,91,87,61,6,240,14,152,205,167,24,260), (237,171,252,99,141,29,105,30,190,123,67,111,264,220,90,146,56)
Starting
12969241
(211,69,128,124,266,52,237,173,44,176,11,71,200,95,240,228,15), (19,171,260,81,64,26,20,194,289,236,106,287,181,255,76,281,230), (221,158,32,110,156,60,103,214,213,284,91,227,161,13,40,5,121), (212,166,111,231,151,177,223,84,244,234,157,23,261,94,273,82,233), (179,134,75,1,67,235,113,174,131,129,145,274,66,93,207,83,154), (6,205,21,238,25,270,180,172,89,47,24,86,243,148,65,167,98), (56,160,246,102,78,30,68,150,126,152,125,263,108,188,74,130,225), (202,283,35,280,31,80,141,219,142,162,149,208,209,271,107,101,133), (245,100,272,170,115,264,45,206,250,215,33,147,201,278,186,288,119), (8,12,285,39,29,169,105,62,42,7,222,136,286,153,59,159,279), (216,192,248,85,164,242,37,63,70,112,265,190,16,36,275,267,276), (38,256,191,9,104,168,253,139,116,137,239,96,262,127,122,88,53), (195,109,138,57,146,140,50,258,27,77,10,51,203,143,183,282,79), (196,135,193,182,2,49,144,247,87,185,249,218,73,61,257,217,4), (22,224,251,97,175,204,269,277,178,268,163,123,189,220,120,48,155), (226,229,117,54,184,199,34,43,232,14,187,114,3,132,259,210,18), (92,254,197,99,252,55,165,241,72,90,17,28,198,58,118,46,41)
12768240
(211,69,128,124,266,52,237,173,44,176,11,71,200,95,149,228,15), (19,171,260,81,64,26,20,194,289,236,106,287,181,255,76,281,230), (221,158,32,110,156,60,103,214,213,284,91,227,161,13,40,5,121), (212,166,111,231,151,177,223,84,244,234,157,23,261,94,273,82,233), (179,134,75,1,67,235,113,174,131,129,145,274,66,93,207,83,154), (6,205,21,238,25,270,180,172,89,47,24,86,243,148,65,167,98), (56,160,246,102,78,30,68,150,126,152,125,263,108,188,74,130,225), (202,283,35,280,31,80,141,219,142,162,240,208,209,271,107,101,133), (245,100,272,170,115,264,45,206,250,215,33,147,201,278,186,288,119), (8,12,285,39,29,169,105,62,42,7,222,136,286,153,59,159,279), (216,192,248,85,164,242,37,63,70,112,265,190,16,36,275,267,276), (38,256,191,9,104,168,253,139,116,137,239,96,262,127,122,88,53), (195,109,138,57,146,140,50,258,27,77,10,51,203,143,183,282,79), (196,135,193,182,2,49,144,247,87,185,249,218,73,61,257,217,4), (22,224,251,97,175,204,269,277,178,268,163,123,189,220,120,48,155), (226,229,117,54,184,199,34,43,232,14,187,114,3,132,259,210,18), (92,254,197,99,252,55,165,241,72,90,17,28,198,58,118,46,41)