
1130965
(109,47,5,52,114,72,2,80,91,32,77,34), (98,136,144,4,15,59,97,106,31,90,55,41), (137,83,17,76,29,60,66,123,96,68,82,132), (33,39,27,115,104,12,120,13,142,130,37,19), (9,107,134,117,101,67,110,20,43,79,30,22), (140,6,112,89,62,56,10,86,119,93,70,23), (105,18,118,50,49,131,51,53,54,99,138,133), (126,35,48,45,103,87,92,40,108,111,21,81), (26,57,78,127,7,113,88,69,61,8,95,122), (38,141,3,139,102,74,1,84,100,63,85,28), (75,11,94,73,25,128,36,124,64,46,42,129), (24,125,58,65,116,135,14,16,71,44,143,121)
1115305
(109,47,5,52,114,72,2,80,91,32,77,34), (98,136,144,4,15,59,97,106,31,90,55,41), (137,83,17,76,24,60,66,123,96,68,82,132), (33,39,27,115,104,12,120,13,142,130,37,19), (9,107,134,117,101,67,110,20,43,79,30,22), (140,6,112,89,62,56,10,86,119,93,70,23), (105,18,118,50,49,131,51,53,54,99,138,133), (126,35,48,45,103,87,92,40,108,111,21,81), (26,57,78,127,7,113,88,69,61,8,95,122), (38,141,3,139,102,74,1,84,100,63,85,28), (75,11,94,73,25,128,36,124,64,46,42,129), (29,125,58,65,116,135,14,16,71,44,143,121)
1101265
(109,47,5,52,114,72,2,80,91,32,77,34), (98,136,144,4,15,59,97,106,31,90,55,41), (137,83,17,76,24,60,66,123,96,68,82,53), (33,39,27,115,104,12,120,13,142,130,37,19), (9,107,134,117,101,67,110,20,43,79,30,22), (140,6,112,89,62,56,10,86,119,93,70,23), (105,18,118,50,49,131,51,132,54,99,138,133), (126,35,48,45,103,87,92,40,108,111,21,81), (26,57,78,127,7,113,88,69,61,8,95,122), (38,141,3,139,102,74,1,84,100,63,85,28), (75,11,94,73,25,128,36,124,64,46,42,129), (29,125,58,65,116,135,14,16,71,44,143,121)
1088025
(109,47,5,52,114,72,2,80,91,32,77,34), (98,136,144,4,15,59,97,106,31,90,55,41), (137,83,17,76,24,60,66,123,96,68,82,53), (33,39,27,115,104,12,120,13,142,130,37,19), (9,107,134,117,101,67,110,20,43,79,30,22), (140,6,112,89,62,56,10,86,119,93,70,23), (105,18,118,50,49,143,51,132,54,99,138,133), (126,35,48,45,103,87,92,40,108,111,21,81), (26,57,78,127,7,113,88,69,61,8,95,122), (38,141,3,139,102,74,1,84,100,63,85,28), (75,11,94,73,25,128,36,124,64,46,42,129), (29,125,58,65,116,135,14,16,71,44,131,121)
1075795
(109,47,5,52,114,72,2,80,91,32,77,34), (98,67,144,4,15,59,97,106,31,90,55,41), (137,83,17,76,24,60,66,123,96,68,82,53), (33,39,27,115,104,12,120,13,142,130,37,19), (9,107,134,117,101,136,110,20,43,79,30,22), (140,6,112,89,62,56,10,86,119,93,70,23), (105,18,118,50,49,143,51,132,54,99,138,133), (126,35,48,45,103,87,92,40,108,111,21,81), (26,57,78,127,7,113,88,69,61,8,95,122), (38,141,3,139,102,74,1,84,100,63,85,28), (75,11,94,73,25,128,36,124,64,46,42,129), (29,125,58,65,116,135,14,16,71,44,131,121)
1064275
(109,47,5,52,114,72,2,80,91,32,77,34), (98,67,103,4,15,59,97,106,31,90,55,41), (137,83,17,76,24,60,66,123,96,68,82,53), (33,39,27,115,104,12,120,13,142,130,37,19), (9,107,134,117,101,136,110,20,43,79,30,22), (140,6,112,89,62,56,10,86,119,93,70,23), (105,18,118,50,49,143,51,132,54,99,138,133), (126,35,48,45,144,87,92,40,108,111,21,81), (26,57,78,127,7,113,88,69,61,8,95,122), (38,141,3,139,102,74,1,84,100,63,85,28), (75,11,94,73,25,128,36,124,64,46,42,129), (29,125,58,65,116,135,14,16,71,44,131,121)
1053025
(109,47,5,52,114,72,2,80,91,32,113,34), (98,67,103,4,15,59,97,106,31,90,55,41), (137,83,17,76,24,60,66,123,96,68,82,53), (33,39,27,115,104,12,120,13,142,130,37,19), (9,107,134,117,101,136,110,20,43,79,30,22), (140,6,112,89,62,56,10,86,119,93,70,23), (105,18,118,50,49,143,51,132,54,99,138,133), (126,35,48,45,144,87,92,40,108,111,21,81), (26,57,78,127,7,77,88,69,61,8,95,122), (38,141,3,139,102,74,1,84,100,63,85,28), (75,11,94,73,25,128,36,124,64,46,42,129), (29,125,58,65,116,135,14,16,71,44,131,121)
1042137
(109,47,5,52,114,72,2,80,91,32,113,34), (98,67,103,4,15,59,97,106,31,101,55,41), (137,83,17,76,24,60,66,123,96,68,82,53), (33,39,27,115,104,12,120,13,142,130,37,19), (9,107,134,117,90,136,110,20,43,79,30,22), (140,6,112,89,62,56,10,86,119,93,70,23), (105,18,118,50,49,143,51,132,54,99,138,133), (126,35,48,45,144,87,92,40,108,111,21,81), (26,57,78,127,7,77,88,69,61,8,95,122), (38,141,3,139,102,74,1,84,100,63,85,28), (75,11,94,73,25,128,36,124,64,46,42,129), (29,125,58,65,116,135,14,16,71,44,131,121)
1031839
(109,47,5,52,114,72,2,80,91,32,113,34), (98,67,103,4,15,59,97,106,31,101,55,41), (137,83,17,76,24,60,66,123,96,68,82,53), (33,39,27,115,104,12,120,13,142,130,37,19), (9,107,134,117,90,136,110,20,43,79,30,22), (140,6,112,42,62,56,10,86,119,93,70,23), (105,18,118,50,49,143,51,132,54,99,138,133), (126,35,48,45,144,87,92,40,108,111,21,81), (26,57,78,127,7,77,88,69,61,8,95,122), (38,141,3,139,102,74,1,84,100,63,85,28), (75,11,94,73,25,128,36,124,64,46,89,129), (29,125,58,65,116,135,14,16,71,44,131,121)
1021687
(109,65,5,52,114,72,2,80,91,32,113,34), (98,67,103,4,15,59,97,106,31,101,55,41), (137,83,17,76,24,60,66,123,96,68,82,53), (33,39,27,115,104,12,120,13,142,130,37,19), (9,107,134,117,90,136,110,20,43,79,30,22), (140,6,112,42,62,56,10,86,119,93,70,23), (105,18,118,50,49,143,51,132,54,99,138,133), (126,35,48,45,144,87,92,40,108,111,21,81), (26,57,78,127,7,77,88,69,61,8,95,122), (38,141,3,139,102,74,1,84,100,63,85,28), (75,11,94,73,25,128,36,124,64,46,89,129), (29,125,58,47,116,135,14,16,71,44,131,121)
1012331
(109,65,5,52,114,72,2,80,91,32,113,34), (98,67,103,4,15,59,97,106,31,101,55,41), (137,83,17,76,24,60,66,123,96,68,82,53), (33,39,27,115,104,12,120,13,85,130,37,19), (9,107,134,117,90,136,110,20,43,79,30,22), (140,6,112,42,62,56,10,86,119,93,70,23), (105,18,118,50,49,143,51,132,54,99,138,133), (126,35,48,45,144,87,92,40,108,111,21,81), (26,57,78,127,7,77,88,69,61,8,95,122), (38,141,3,139,102,74,1,84,100,63,142,28), (75,11,94,73,25,128,36,124,64,46,89,129), (29,125,58,47,116,135,14,16,71,44,131,121)
1003805
(109,65,5,52,114,72,2,80,91,32,113,34), (98,67,103,4,15,59,97,106,31,101,55,41), (137,83,17,76,24,60,66,123,96,68,82,53), (33,39,27,115,104,12,120,13,85,130,37,19), (9,107,134,117,90,136,110,20,43,38,30,22), (140,6,112,42,62,56,10,86,119,93,70,23), (105,18,118,50,49,143,51,132,54,99,138,133), (126,35,48,45,144,87,92,40,108,111,21,81), (26,57,78,127,7,77,88,69,61,8,95,122), (79,141,3,139,102,74,1,84,100,63,142,28), (75,11,94,73,25,128,36,124,64,46,89,129), (29,125,58,47,116,135,14,16,71,44,131,121)
995119
(109,65,5,52,114,72,2,80,57,32,113,34), (98,67,103,4,15,59,97,106,31,101,55,41), (137,83,17,76,24,60,66,123,96,68,82,53), (33,39,27,115,104,12,120,13,85,130,37,19), (9,107,134,117,90,136,110,20,43,38,30,22), (140,6,112,42,62,56,10,86,119,93,70,23), (105,18,118,50,49,143,51,132,54,99,138,133), (126,35,48,45,144,87,92,40,108,111,21,81), (26,91,78,127,7,77,88,69,61,8,95,122), (79,141,3,139,102,74,1,84,100,63,142,28), (75,11,94,73,25,128,36,124,64,46,89,129), (29,125,58,47,116,135,14,16,71,44,131,121)
985723
(109,65,5,52,114,72,2,80,57,32,113,34), (98,67,103,4,15,59,97,106,31,101,55,41), (137,83,17,130,24,60,66,123,96,68,82,53), (33,39,27,115,104,12,120,13,85,76,37,19), (9,107,134,117,90,136,110,20,43,38,30,22), (140,6,112,42,62,56,10,86,119,93,70,23), (105,18,118,50,49,143,51,132,54,99,138,133), (126,35,48,45,144,87,92,40,108,111,21,81), (26,91,78,127,7,77,88,69,61,8,95,122), (79,141,3,139,102,74,1,84,100,63,142,28), (75,11,94,73,25,128,36,124,64,46,89,129), (29,125,58,47,116,135,14,16,71,44,131,121)
975699
(109,65,5,52,114,72,2,80,57,32,113,34), (98,67,103,4,15,59,97,106,31,101,55,41), (137,83,17,130,24,60,66,123,96,68,82,53), (13,39,27,115,104,12,120,33,85,76,37,19), (9,107,134,117,90,136,110,20,43,38,30,22), (140,6,112,42,62,56,10,86,119,93,70,23), (105,18,118,50,49,143,51,132,54,99,138,133), (126,35,48,45,144,87,92,40,108,111,21,81), (26,91,78,127,7,77,88,69,61,8,95,122), (79,141,3,139,102,74,1,84,100,63,142,28), (75,11,94,73,25,128,36,124,64,46,89,129), (29,125,58,47,116,135,14,16,71,44,131,121)
966795
(109,65,5,52,114,72,2,80,57,32,113,34), (127,67,103,4,15,59,97,106,31,101,55,41), (137,83,17,130,24,60,66,123,96,68,82,53), (13,39,27,115,104,12,120,33,85,76,37,19), (9,107,134,117,90,136,110,20,43,38,30,22), (140,6,112,42,62,56,10,86,119,93,70,23), (105,18,118,50,49,143,51,132,54,99,138,133), (126,35,48,45,144,87,92,40,108,111,21,81), (26,91,78,98,7,77,88,69,61,8,95,122), (79,141,3,139,102,74,1,84,100,63,142,28), (75,11,94,73,25,128,36,124,64,46,89,129), (29,125,58,47,116,135,14,16,71,44,131,121)
958775
(109,65,5,52,114,72,2,80,57,32,113,34), (127,67,103,4,15,59,97,106,31,101,55,41), (137,83,17,130,24,60,66,123,96,68,82,53), (13,39,27,115,104,12,120,33,85,76,37,19), (9,107,134,117,90,136,110,20,43,38,30,22), (140,6,112,42,62,56,10,86,119,93,70,23), (105,18,118,50,49,143,51,132,54,99,138,133), (87,35,48,45,144,126,92,40,108,111,21,81), (26,91,78,98,7,77,88,69,61,8,95,122), (79,141,3,139,102,74,1,84,100,63,142,28), (75,11,94,73,25,128,36,124,64,46,89,129), (29,125,58,47,116,135,14,16,71,44,131,121)
950697
(109,65,5,52,114,1,2,80,57,32,113,34), (127,67,103,4,15,59,97,106,31,101,55,41), (137,83,17,130,24,60,66,123,96,68,82,53), (13,39,27,115,104,12,120,33,85,76,37,19), (9,107,134,117,90,136,110,20,43,38,30,22), (140,6,112,42,62,56,10,86,119,93,70,23), (105,18,118,50,49,143,51,132,54,99,138,133), (87,35,48,45,144,126,92,40,108,111,21,81), (26,91,78,98,7,77,88,69,61,8,95,122), (79,141,3,139,102,74,72,84,100,63,142,28), (75,11,94,73,25,128,36,124,64,46,89,129), (29,125,58,47,116,135,14,16,71,44,131,121)
943365
(109,65,5,52,114,1,2,80,57,32,113,34), (127,67,103,4,15,59,97,106,31,101,55,41), (137,83,17,130,24,60,66,123,96,68,82,53), (13,39,27,115,104,12,120,33,85,76,37,19), (9,107,134,117,90,136,110,20,44,38,30,22), (140,6,112,42,62,56,10,86,119,93,70,23), (105,18,118,50,49,143,51,132,54,99,138,133), (87,35,48,45,144,126,92,40,108,111,21,81), (26,91,78,98,7,77,88,69,61,8,95,122), (79,141,3,139,102,74,72,84,100,63,142,28), (75,11,94,73,25,128,36,124,64,46,89,129), (29,125,58,47,116,135,14,16,71,43,131,121)
934893
(109,65,5,52,114,1,2,80,57,32,113,34), (127,67,103,4,15,59,97,106,31,101,55,41), (137,83,17,130,24,60,66,123,96,68,82,53), (13,39,27,115,104,12,120,33,85,76,37,19), (9,107,134,117,90,136,110,20,44,38,30,22), (140,6,112,42,62,56,10,28,119,93,70,23), (105,18,118,50,49,143,51,132,54,99,138,133), (87,35,48,45,144,126,92,40,108,111,21,81), (26,91,78,98,7,77,88,69,61,8,95,122), (79,141,3,139,102,74,72,84,100,63,142,86), (75,11,94,73,25,128,36,124,64,46,89,129), (29,125,58,47,116,135,14,16,71,43,131,121)
927790
(109,65,5,52,114,1,2,118,57,32,113,34), (127,67,103,4,15,59,97,106,31,101,55,41), (137,83,17,130,24,60,66,123,96,68,82,53), (13,39,27,115,104,12,120,33,85,76,37,19), (9,107,134,117,90,136,110,20,44,38,30,22), (140,6,112,42,62,56,10,28,119,93,70,23), (105,18,80,50,49,143,51,132,54,99,138,133), (87,35,48,45,144,126,92,40,108,111,21,81), (26,91,78,98,7,77,88,69,61,8,95,122), (79,141,3,139,102,74,72,84,100,63,142,86), (75,11,94,73,25,128,36,124,64,46,89,129), (29,125,58,47,116,135,14,16,71,43,131,121)
920398
(109,65,5,52,114,1,2,118,57,32,113,34), (127,67,103,4,15,59,97,106,31,101,55,41), (137,83,17,130,24,60,66,123,96,68,82,53), (13,39,27,115,104,12,120,33,85,76,37,19), (9,107,134,117,90,136,110,20,44,38,30,22), (140,6,112,42,70,56,10,28,119,93,62,23), (105,18,80,50,49,143,51,132,54,99,138,133), (87,35,48,45,144,126,92,40,108,111,21,81), (26,91,78,98,7,77,88,69,61,8,95,122), (79,141,3,139,102,74,72,84,100,63,142,86), (75,11,94,73,25,128,36,124,64,46,89,129), (29,125,58,47,116,135,14,16,71,43,131,121)
913604
(109,65,5,52,114,1,2,118,57,32,113,34), (127,67,103,4,15,59,97,106,95,101,55,41), (137,83,17,130,24,60,66,123,96,68,82,53), (13,39,27,115,104,12,120,33,85,76,37,19), (9,107,134,117,90,136,110,20,44,38,30,22), (140,6,112,42,70,56,10,28,119,93,62,23), (105,18,80,50,49,143,51,132,54,99,138,133), (87,35,48,45,144,126,92,40,108,111,21,81), (26,91,78,98,7,77,88,69,61,8,31,122), (79,141,3,139,102,74,72,84,100,63,142,86), (75,11,94,73,25,128,36,124,64,46,89,129), (29,125,58,47,116,135,14,16,71,43,131,121)
906848
(109,65,5,52,114,1,2,118,57,32,113,34), (127,67,103,4,15,59,97,106,95,101,55,41), (137,83,17,130,24,60,66,123,96,68,82,53), (13,39,27,115,104,12,120,33,85,76,37,19), (9,107,134,117,90,136,110,20,44,38,30,22), (140,6,112,42,70,56,10,28,119,93,62,23), (105,18,80,50,49,143,51,132,54,99,138,133), (87,35,48,45,144,126,92,40,108,111,11,81), (26,91,78,98,7,77,88,69,61,8,31,122), (79,141,3,139,102,74,72,84,100,63,142,86), (75,21,94,73,25,128,36,124,64,46,89,129), (29,125,58,47,116,135,14,16,71,43,131,121)
900374
(109,65,5,52,114,1,2,118,57,32,113,34), (127,67,103,4,15,59,97,106,95,101,55,41), (137,83,17,130,24,60,66,123,96,68,82,53), (13,39,27,115,104,12,120,33,85,76,37,19), (9,107,134,117,90,136,110,20,44,38,30,22), (49,6,112,42,70,56,10,28,119,93,62,23), (105,18,80,50,140,143,51,132,54,99,138,133), (87,35,48,45,144,126,92,40,108,111,11,81), (26,91,78,98,7,77,88,69,61,8,31,122), (79,141,3,139,102,74,72,84,100,63,142,86), (75,21,94,73,25,128,36,124,64,46,89,129), (29,125,58,47,116,135,14,16,71,43,131,121)
894156
(109,65,5,52,114,1,2,118,57,32,113,97), (127,67,103,4,15,59,34,106,95,101,55,41), (137,83,17,130,24,60,66,123,96,68,82,53), (13,39,27,115,104,12,120,33,85,76,37,19), (9,107,134,117,90,136,110,20,44,38,30,22), (49,6,112,42,70,56,10,28,119,93,62,23), (105,18,80,50,140,143,51,132,54,99,138,133), (87,35,48,45,144,126,92,40,108,111,11,81), (26,91,78,98,7,77,88,69,61,8,31,122), (79,141,3,139,102,74,72,84,100,63,142,86), (75,21,94,73,25,128,36,124,64,46,89,129), (29,125,58,47,116,135,14,16,71,43,131,121)
888015
(109,65,5,52,114,1,2,118,57,32,113,97), (127,67,103,4,15,59,34,106,95,101,55,41), (137,83,17,130,24,60,66,123,96,68,82,53), (13,39,27,100,104,12,120,33,85,76,37,19), (9,107,134,117,90,136,110,20,44,38,30,22), (49,6,112,42,70,56,10,28,119,93,62,23), (105,18,80,50,140,143,51,132,54,99,138,133), (87,35,48,45,144,126,92,40,108,111,11,81), (26,91,78,98,7,77,88,69,61,8,31,122), (79,141,3,139,102,74,72,84,115,63,142,86), (75,21,94,73,25,128,36,124,64,46,89,129), (29,125,58,47,116,135,14,16,71,43,131,121)
881945
(109,65,5,52,114,1,2,118,57,32,113,97), (127,67,103,4,15,59,34,106,95,101,55,41), (137,83,17,130,24,60,66,123,96,68,82,53), (13,39,27,100,104,12,120,33,85,76,37,19), (9,107,134,117,90,136,110,20,44,38,74,22), (49,6,112,42,70,56,10,28,119,93,62,23), (105,18,80,50,140,143,51,132,54,99,138,133), (87,35,48,45,144,126,92,40,108,111,11,81), (26,91,78,98,7,77,88,69,61,8,31,122), (79,141,3,139,102,30,72,84,115,63,142,86), (75,21,94,73,25,128,36,124,64,46,89,129), (29,125,58,47,116,135,14,16,71,43,131,121)
876080
(109,65,5,52,114,1,2,118,57,139,113,97), (127,67,103,4,15,59,34,106,95,101,55,41), (137,83,17,130,24,60,66,123,96,68,82,53), (13,39,27,100,104,12,120,33,85,76,37,19), (9,107,134,117,90,136,110,20,44,38,74,22), (49,6,112,42,70,56,10,28,119,93,62,23), (105,18,80,50,140,143,51,132,54,99,138,133), (87,35,48,45,144,126,92,40,108,111,11,81), (26,91,78,98,7,77,88,69,61,8,31,122), (79,141,3,32,102,30,72,84,115,63,142,86), (75,21,94,73,25,128,36,124,64,46,89,129), (29,125,58,47,116,135,14,16,71,43,131,121)
870406
(109,65,5,52,114,1,2,118,57,139,113,97), (127,67,103,4,15,59,34,106,95,101,55,41), (137,83,17,130,24,60,66,123,102,68,82,53), (13,39,27,100,104,12,120,33,85,76,37,19), (9,107,134,117,90,136,110,20,44,38,74,22), (49,6,112,42,70,56,10,28,119,93,62,23), (105,18,80,50,140,143,51,132,54,99,138,133), (87,35,48,45,144,126,92,40,108,111,11,81), (26,91,78,98,7,77,88,69,61,8,31,122), (79,141,3,32,96,30,72,84,115,63,142,86), (75,21,94,73,25,128,36,124,64,46,89,129), (29,125,58,47,116,135,14,16,71,43,131,121)
864631
(109,65,5,52,85,1,2,118,57,139,113,97), (127,67,103,4,15,59,34,106,95,101,55,41), (137,83,17,130,24,60,66,123,102,68,82,53), (13,39,27,100,104,12,120,33,114,76,37,19), (9,107,134,117,90,136,110,20,44,38,74,22), (49,6,112,42,70,56,10,28,119,93,62,23), (105,18,80,50,140,143,51,132,54,99,138,133), (87,35,48,45,144,126,92,40,108,111,11,81), (26,91,78,98,7,77,88,69,61,8,31,122), (79,141,3,32,96,30,72,84,115,63,142,86), (75,21,94,73,25,128,36,124,64,46,89,129), (29,125,58,47,116,135,14,16,71,43,131,121)
859479
(109,107,5,52,85,1,2,118,57,139,113,97), (127,67,103,4,15,59,34,106,95,101,55,41), (137,83,17,130,24,60,66,123,102,68,82,53), (13,39,27,100,104,12,120,33,114,76,37,19), (9,65,134,117,90,136,110,20,44,38,74,22), (49,6,112,42,70,56,10,28,119,93,62,23), (105,18,80,50,140,143,51,132,54,99,138,133), (87,35,48,45,144,126,92,40,108,111,11,81), (26,91,78,98,7,77,88,69,61,8,31,122), (79,141,3,32,96,30,72,84,115,63,142,86), (75,21,94,73,25,128,36,124,64,46,89,129), (29,125,58,47,116,135,14,16,71,43,131,121)
854433
(109,107,5,134,85,1,2,118,57,139,113,97), (127,67,103,4,15,59,34,106,95,101,55,41), (137,83,17,130,24,60,66,123,102,68,82,53), (13,39,27,100,104,12,120,33,114,76,37,19), (9,65,52,117,90,136,110,20,44,38,74,22), (49,6,112,42,70,56,10,28,119,93,62,23), (105,18,80,50,140,143,51,132,54,99,138,133), (87,35,48,45,144,126,92,40,108,111,11,81), (26,91,78,98,7,77,88,69,61,8,31,122), (79,141,3,32,96,30,72,84,115,63,142,86), (75,21,94,73,25,128,36,124,64,46,89,129), (29,125,58,47,116,135,14,16,71,43,131,121)
849693
(109,107,5,134,85,1,2,118,57,139,113,97), (127,67,103,4,15,59,34,106,95,101,55,41), (137,83,17,130,24,60,66,123,102,68,82,53), (13,39,27,100,104,12,120,33,114,76,37,19), (9,65,52,117,90,136,110,20,44,38,74,22), (49,6,112,42,70,56,10,28,119,93,62,23), (105,18,80,50,140,143,51,132,54,99,138,133), (87,35,48,45,144,126,92,40,108,111,11,81), (26,91,78,98,7,77,88,69,121,8,31,122), (79,141,3,32,96,30,72,84,115,63,142,86), (75,21,94,73,25,128,36,124,64,46,89,129), (29,125,58,47,116,135,14,16,71,43,131,61)
845277
(109,107,5,134,85,1,2,118,57,139,113,97), (127,67,103,4,15,59,34,106,95,101,55,41), (137,83,17,130,24,60,51,123,102,68,82,53), (13,39,27,100,104,12,120,33,114,76,37,19), (9,65,52,117,90,136,110,20,44,38,74,22), (49,6,112,42,70,56,10,28,119,93,62,23), (105,18,80,50,140,143,66,132,54,99,138,133), (87,35,48,45,144,126,92,40,108,111,11,81), (26,91,78,98,7,77,88,69,121,8,31,122), (79,141,3,32,96,30,72,84,115,63,142,86), (75,21,94,73,25,128,36,124,64,46,89,129), (29,125,58,47,116,135,14,16,71,43,131,61)
841137
(109,107,5,134,85,1,2,118,57,139,113,97), (127,67,103,4,15,59,34,106,95,101,55,41), (137,83,17,130,24,60,51,123,102,68,82,53), (13,39,27,100,104,12,120,33,114,76,37,19), (9,65,52,117,90,136,110,20,44,38,74,22), (49,6,112,42,70,56,10,28,119,93,62,23), (105,18,80,50,140,143,66,132,54,99,138,133), (87,35,48,45,144,126,92,40,108,111,11,81), (26,91,78,98,135,77,88,69,121,8,31,122), (79,141,3,32,96,30,72,84,115,63,142,86), (75,21,94,73,25,128,36,124,64,46,89,129), (29,125,58,47,116,7,14,16,71,43,131,61)
836968
(109,107,5,134,85,1,2,118,57,139,113,97), (127,67,103,4,15,59,34,106,95,101,55,41), (137,83,17,130,24,60,51,123,102,68,82,53), (13,39,27,100,104,12,120,33,114,76,37,19), (9,65,52,117,90,136,110,20,44,38,74,22), (49,6,112,42,70,56,10,28,119,93,62,23), (105,18,80,50,140,143,66,132,54,99,138,133), (87,35,48,45,144,126,63,40,108,111,11,81), (26,91,78,98,135,77,88,69,121,8,31,122), (79,141,3,32,96,30,72,84,115,92,142,86), (75,21,94,73,25,128,36,124,64,46,89,129), (29,125,58,47,116,7,14,16,71,43,131,61)
833216
(109,107,5,134,85,1,2,118,57,139,113,97), (127,67,103,4,15,59,34,106,95,101,17,41), (137,83,55,130,24,60,51,123,102,68,82,53), (13,39,27,100,104,12,120,33,114,76,37,19), (9,65,52,117,90,136,110,20,44,38,74,22), (49,6,112,42,70,56,10,28,119,93,62,23), (105,18,80,50,140,143,66,132,54,99,138,133), (87,35,48,45,144,126,63,40,108,111,11,81), (26,91,78,98,135,77,88,69,121,8,31,122), (79,141,3,32,96,30,72,84,115,92,142,86), (75,21,94,73,25,128,36,124,64,46,89,129), (29,125,58,47,116,7,14,16,71,43,131,61)
829536
(109,107,5,134,85,1,2,118,57,139,113,97), (127,67,103,4,15,59,34,106,95,101,17,41), (137,83,55,130,24,60,51,123,102,68,82,53), (13,39,27,100,104,12,120,33,114,76,37,19), (9,65,52,117,90,136,110,20,44,38,74,22), (75,6,112,42,70,56,10,28,119,93,62,23), (105,18,80,50,140,143,66,132,54,99,138,133), (87,35,48,45,144,126,63,40,108,111,11,81), (26,91,78,98,135,77,88,69,121,8,31,122), (79,141,3,32,96,30,72,84,115,92,142,86), (49,21,94,73,25,128,36,124,64,46,89,129), (29,125,58,47,116,7,14,16,71,43,131,61)
825972
(109,107,5,134,85,1,2,118,57,139,113,97), (127,67,103,4,15,59,34,106,95,101,17,41), (137,125,55,130,24,60,51,123,102,68,82,53), (13,39,27,100,104,12,120,33,114,76,37,19), (9,65,52,117,90,136,110,20,44,38,74,22), (75,6,112,42,70,56,10,28,119,93,62,23), (105,18,80,50,140,143,66,132,54,99,138,133), (87,35,48,45,144,126,63,40,108,111,11,81), (26,91,78,98,135,77,88,69,121,8,31,122), (79,141,3,32,96,30,72,84,115,92,142,86), (49,21,94,73,25,128,36,124,64,46,89,129), (29,83,58,47,116,7,14,16,71,43,131,61)
822402
(109,107,5,134,85,1,2,118,57,139,113,97), (127,67,103,4,15,59,34,106,95,101,17,41), (137,125,55,130,24,60,51,123,102,68,82,53), (13,39,25,100,104,12,120,33,114,76,37,19), (9,65,52,117,90,136,110,20,44,38,74,22), (75,6,112,42,70,56,10,28,119,93,62,23), (105,18,80,50,140,143,66,132,54,99,138,133), (87,35,48,45,144,126,63,40,108,111,11,81), (26,91,78,98,135,77,88,69,121,8,31,122), (79,141,3,32,96,30,72,84,115,92,142,86), (49,21,94,73,27,128,36,124,64,46,89,129), (29,83,58,47,116,7,14,16,71,43,131,61)
818991
(109,107,5,134,85,1,2,118,57,139,113,97), (127,67,103,4,15,59,34,106,95,101,17,41), (137,125,55,130,24,60,51,123,102,68,82,53), (13,39,25,100,104,12,120,33,114,76,37,19), (9,65,52,117,90,136,110,20,44,38,74,22), (75,6,30,42,70,56,10,28,119,93,62,23), (105,18,80,50,140,143,66,132,54,99,138,133), (87,35,48,45,144,126,63,40,108,111,11,81), (26,91,78,98,135,77,88,69,121,8,31,122), (79,141,3,32,96,112,72,84,115,92,142,86), (49,21,94,73,27,128,36,124,64,46,89,129), (29,83,58,47,116,7,14,16,71,43,131,61)
815749
(109,107,5,134,85,1,2,118,57,139,113,97), (127,67,103,4,15,59,34,106,95,101,17,41), (137,125,55,130,10,60,51,123,102,68,82,53), (13,39,25,100,104,12,120,33,114,76,37,19), (9,65,52,117,90,136,110,20,44,38,74,22), (75,6,30,42,70,56,24,28,119,93,62,23), (105,18,80,50,140,143,66,132,54,99,138,133), (87,35,48,45,144,126,63,40,108,111,11,81), (26,91,78,98,135,77,88,69,121,8,31,122), (79,141,3,32,96,112,72,84,115,92,142,86), (49,21,94,73,27,128,36,124,64,46,89,129), (29,83,58,47,116,7,14,16,71,43,131,61)
812525
(109,107,5,134,85,1,2,118,57,139,113,97), (127,67,103,4,15,59,34,106,95,101,17,41), (137,125,55,130,10,60,51,123,102,68,82,53), (13,39,25,100,104,12,120,33,114,76,37,19), (9,65,52,117,90,136,110,20,44,38,74,22), (75,6,30,42,70,56,24,28,119,93,62,23), (105,18,80,50,140,143,66,132,54,99,138,133), (87,35,48,45,144,126,63,40,108,111,11,124), (26,91,78,98,135,77,88,69,121,8,31,122), (79,141,3,32,96,112,72,84,115,92,142,86), (49,21,94,73,27,128,36,81,64,46,89,129), (29,83,58,47,116,7,14,16,71,43,131,61)
809979
(109,107,5,134,85,1,2,118,57,139,113,97), (127,67,103,4,15,59,34,106,95,101,17,41), (137,125,55,130,10,60,51,123,102,68,82,53), (13,39,25,100,50,12,120,33,114,76,37,19), (9,65,52,117,90,136,110,20,44,38,74,22), (75,6,30,42,70,56,24,28,119,93,62,23), (105,18,80,104,140,143,66,132,54,99,138,133), (87,35,48,45,144,126,63,40,108,111,11,124), (26,91,78,98,135,77,88,69,121,8,31,122), (79,141,3,32,96,112,72,84,115,92,142,86), (49,21,94,73,27,128,36,81,64,46,89,129), (29,83,58,47,116,7,14,16,71,43,131,61)
807447
(109,107,5,134,85,1,2,118,57,139,113,97), (127,67,103,4,15,59,34,106,95,101,17,41), (137,125,55,130,10,60,51,123,102,68,82,53), (13,39,25,100,50,12,120,33,114,76,37,19), (9,65,52,117,90,136,110,20,44,38,74,22), (75,6,30,42,70,56,24,28,119,93,62,23), (105,18,80,104,140,143,66,132,54,99,121,133), (87,35,48,45,144,126,63,40,108,111,11,124), (26,91,78,98,135,77,88,69,138,8,31,122), (79,141,3,32,96,112,72,84,115,92,142,86), (49,21,94,73,27,128,36,81,64,46,89,129), (29,83,58,47,116,7,14,16,71,43,131,61)
805063
(109,107,5,134,85,1,2,118,57,139,113,97), (127,67,103,4,15,59,34,106,95,101,17,41), (137,125,55,130,10,60,51,123,102,68,82,53), (13,39,25,100,50,12,120,33,114,76,37,19), (9,65,52,117,90,136,110,20,44,38,74,22), (75,6,30,42,70,56,24,28,119,93,62,31), (105,18,80,104,140,143,66,132,54,99,121,133), (87,35,48,45,144,126,63,40,108,111,11,124), (26,91,78,98,135,77,88,69,138,8,23,122), (79,141,3,32,96,112,72,84,115,92,142,86), (49,21,94,73,27,128,36,81,64,46,89,129), (29,83,58,47,116,7,14,16,71,43,131,61)
802851
(109,107,5,134,85,1,2,118,57,139,113,97), (127,67,103,4,15,59,34,106,95,101,17,41), (137,125,55,130,10,60,51,123,102,68,82,53), (13,39,25,100,50,12,143,33,114,76,37,19), (9,65,52,117,90,136,110,20,44,38,74,22), (75,6,30,42,70,56,24,28,119,93,62,31), (105,18,80,104,140,120,66,132,54,99,121,133), (87,35,48,45,144,126,63,40,108,111,11,124), (26,91,78,98,135,77,88,69,138,8,23,122), (79,141,3,32,96,112,72,84,115,92,142,86), (49,21,94,73,27,128,36,81,64,46,89,129), (29,83,58,47,116,7,14,16,71,43,131,61)
800707
(109,107,5,134,85,1,2,118,57,139,113,97), (127,67,103,4,15,59,34,106,95,101,17,41), (137,125,55,130,10,60,51,123,102,68,82,53), (13,39,25,100,50,12,143,33,114,76,37,19), (9,65,52,117,90,136,110,20,44,38,74,22), (75,6,30,42,70,56,24,28,119,93,62,31), (105,18,80,104,140,120,66,132,54,99,121,133), (87,35,48,45,144,126,63,40,108,111,11,124), (26,91,78,98,135,77,88,69,138,8,23,122), (79,141,3,32,96,112,72,84,115,92,142,86), (49,73,94,21,27,128,36,81,64,46,89,129), (29,83,58,47,116,7,14,16,71,43,131,61)
798653
(109,107,5,134,85,1,2,118,57,139,113,97), (127,67,103,4,15,59,34,106,95,101,17,41), (137,125,55,130,10,60,51,123,102,68,82,53), (13,39,25,100,50,12,143,33,114,76,37,19), (9,65,52,117,90,136,110,20,44,38,74,22), (75,6,30,135,70,56,24,28,119,93,62,31), (105,18,80,104,140,120,66,132,54,99,121,133), (87,35,48,45,144,126,63,40,108,111,11,124), (26,91,78,98,42,77,88,69,138,8,23,122), (79,141,3,32,96,112,72,84,115,92,142,86), (49,73,94,21,27,128,36,81,64,46,89,129), (29,83,58,47,116,7,14,16,71,43,131,61)
796591
(109,107,5,134,85,1,2,118,57,139,113,97), (127,67,103,4,15,59,34,106,95,101,17,41), (137,125,55,130,10,60,51,123,102,68,82,53), (13,39,25,100,50,12,143,33,114,76,37,19), (9,65,52,117,90,136,110,20,44,38,74,22), (75,6,30,135,70,56,24,36,119,93,62,31), (105,18,80,104,140,120,66,132,54,99,121,133), (87,35,48,45,144,126,63,40,108,111,11,124), (26,91,78,98,42,77,88,69,138,8,23,122), (79,141,3,32,96,112,72,84,115,92,142,86), (49,73,94,21,27,128,28,81,64,46,89,129), (29,83,58,47,116,7,14,16,71,43,131,61)
794676
(109,107,5,134,85,1,2,118,57,139,113,97), (127,67,103,4,15,59,34,106,95,101,17,41), (137,125,55,130,10,60,51,123,102,68,82,53), (13,39,25,100,50,12,143,33,114,76,37,19), (9,65,52,117,90,136,110,20,44,38,74,22), (75,6,30,135,70,96,24,36,119,93,62,31), (105,18,80,104,140,120,66,132,54,99,121,133), (87,35,48,45,144,126,63,40,108,111,11,124), (26,91,78,98,42,77,88,69,138,8,23,122), (79,141,3,32,56,112,72,84,115,92,142,86), (49,73,94,21,27,128,28,81,64,46,89,129), (29,83,58,47,116,7,14,16,71,43,131,61)
792808
(109,107,5,134,85,1,2,118,57,139,113,97), (127,67,103,4,15,59,34,106,95,101,17,41), (137,125,55,130,10,60,51,123,102,68,82,53), (13,39,25,100,50,12,143,33,114,76,37,19), (9,65,52,117,90,136,110,20,44,38,74,22), (75,6,30,135,70,96,24,36,119,93,62,31), (105,18,80,104,140,120,66,132,54,99,121,133), (87,35,48,45,144,126,63,40,108,111,11,124), (26,91,78,98,42,77,88,69,138,8,23,122), (79,141,3,32,56,112,72,84,115,92,142,86), (49,73,94,21,27,128,28,81,64,46,89,71), (29,83,58,47,116,7,14,16,129,43,131,61)
791076
(109,107,5,134,85,1,2,118,57,139,113,97), (127,67,103,4,15,59,34,106,95,101,17,41), (137,125,55,130,10,60,51,123,102,68,82,53), (13,39,25,100,50,12,143,33,114,76,37,19), (9,65,52,117,90,136,110,20,44,38,74,22), (75,6,30,135,70,96,24,36,119,93,62,31), (105,18,80,104,140,120,66,132,54,99,121,133), (87,35,48,45,144,126,63,40,108,111,11,124), (26,91,78,98,42,77,88,69,138,8,23,122), (79,141,3,32,56,112,72,84,115,92,142,86), (47,73,94,21,27,128,28,81,64,46,89,71), (29,83,58,49,116,7,14,16,129,43,131,61)
789468
(109,107,5,134,85,1,2,118,57,139,113,97), (127,67,103,4,15,59,34,106,95,101,17,41), (137,125,143,130,10,60,51,123,102,68,82,53), (13,39,25,100,50,12,55,33,114,76,37,19), (9,65,52,117,90,136,110,20,44,38,74,22), (75,6,30,135,70,96,24,36,119,93,62,31), (105,18,80,104,140,120,66,132,54,99,121,133), (87,35,48,45,144,126,63,40,108,111,11,124), (26,91,78,98,42,77,88,69,138,8,23,122), (79,141,3,32,56,112,72,84,115,92,142,86), (47,73,94,21,27,128,28,81,64,46,89,71), (29,83,58,49,116,7,14,16,129,43,131,61)
787869
(109,107,5,134,85,1,2,118,57,139,113,97), (127,67,103,4,15,59,34,106,95,101,17,41), (137,125,143,130,10,60,51,123,102,68,82,53), (13,39,25,100,50,12,55,33,114,76,37,19), (9,65,52,117,90,136,110,20,44,38,74,22), (75,6,30,135,70,96,24,36,119,93,62,31), (105,18,80,104,140,120,66,132,54,99,121,133), (87,35,48,45,144,126,63,40,108,111,11,124), (26,91,78,98,42,84,88,69,138,8,23,122), (79,141,3,32,56,112,72,77,115,92,142,86), (47,73,94,21,27,128,28,81,64,46,89,71), (29,83,58,49,116,7,14,16,129,43,131,61)
786315
(109,107,5,134,85,1,2,118,57,139,113,97), (127,67,103,4,15,59,34,106,95,101,17,41), (137,125,143,130,10,60,51,123,102,68,82,53), (13,39,25,100,50,12,55,33,114,76,37,19), (9,65,52,117,90,136,110,20,44,38,74,22), (75,6,30,135,70,96,24,36,119,133,62,31), (105,18,80,104,140,120,66,132,54,99,121,93), (87,35,48,45,144,126,63,40,108,111,11,124), (26,91,78,98,42,84,88,69,138,8,23,122), (79,141,3,32,56,112,72,77,115,92,142,86), (47,73,94,21,27,128,28,81,64,46,89,71), (29,83,58,49,116,7,14,16,129,43,131,61)
784795
(109,107,5,134,85,1,2,118,57,139,113,97), (127,67,103,4,15,59,34,106,95,101,17,41), (137,125,143,130,10,60,51,123,102,68,82,53), (13,39,25,100,50,12,55,33,114,76,37,19), (26,65,52,117,90,136,110,20,44,38,74,22), (75,6,30,135,70,96,24,36,119,133,62,31), (105,18,80,104,140,120,66,132,54,99,121,93), (87,35,48,45,144,126,63,40,108,111,11,124), (9,91,78,98,42,84,88,69,138,8,23,122), (79,141,3,32,56,112,72,77,115,92,142,86), (47,73,94,21,27,128,28,81,64,46,89,71), (29,83,58,49,116,7,14,16,129,43,131,61)
783331
(109,107,5,134,59,1,2,118,57,139,113,97), (127,67,103,4,15,85,34,106,95,101,17,41), (137,125,143,130,10,60,51,123,102,68,82,53), (13,39,25,100,50,12,55,33,114,76,37,19), (26,65,52,117,90,136,110,20,44,38,74,22), (75,6,30,135,70,96,24,36,119,133,62,31), (105,18,80,104,140,120,66,132,54,99,121,93), (87,35,48,45,144,126,63,40,108,111,11,124), (9,91,78,98,42,84,88,69,138,8,23,122), (79,141,3,32,56,112,72,77,115,92,142,86), (47,73,94,21,27,128,28,81,64,46,89,71), (29,83,58,49,116,7,14,16,129,43,131,61)
781891
(109,107,5,134,59,1,2,118,57,139,113,97), (127,67,103,4,15,85,34,106,95,101,17,41), (137,125,143,130,10,60,51,123,102,68,82,53), (13,39,25,100,50,12,55,33,114,76,37,19), (26,65,52,117,90,136,110,20,44,38,74,22), (75,6,30,135,70,96,24,36,119,133,62,31), (105,18,80,104,140,120,66,132,54,99,121,93), (87,35,63,45,144,126,48,40,108,111,11,124), (9,91,78,98,42,84,88,69,138,8,23,122), (79,141,3,32,56,112,72,77,115,92,142,86), (47,73,94,21,27,128,28,81,64,46,89,71), (29,83,58,49,116,7,14,16,129,43,131,61)
780435
(109,107,5,134,59,1,2,118,57,139,113,97), (127,67,103,4,15,85,34,106,95,101,17,41), (137,125,143,130,10,60,51,123,102,68,82,53), (13,39,25,100,50,12,55,33,114,76,37,19), (26,65,52,117,90,136,110,20,44,38,74,22), (75,6,30,135,70,96,24,36,119,133,62,31), (105,18,80,104,140,120,66,132,54,99,121,93), (87,35,63,45,144,126,48,40,88,111,11,124), (9,91,78,98,42,84,108,69,138,8,23,122), (79,141,3,32,56,112,72,77,115,92,142,86), (47,73,94,21,27,128,28,81,64,46,89,71), (29,83,58,49,116,7,14,16,129,43,131,61)
779047
(109,107,5,134,59,1,2,118,57,139,113,97), (127,67,103,4,15,85,34,106,95,101,17,41), (137,125,143,130,10,60,51,123,102,68,82,53), (13,39,25,100,50,12,55,33,114,76,37,19), (26,65,52,117,90,136,110,20,44,38,74,22), (75,78,30,135,70,96,24,36,119,133,62,31), (105,18,80,104,140,120,66,132,54,99,121,93), (87,35,63,45,144,126,48,40,88,111,11,124), (9,91,6,98,42,84,108,69,138,8,23,122), (79,141,3,32,56,112,72,77,115,92,142,86), (47,73,94,21,27,128,28,81,64,46,89,71), (29,83,58,49,116,7,14,16,129,43,131,61)
777696
(109,107,5,134,59,1,2,118,57,139,113,97), (127,67,103,4,15,85,34,106,95,101,17,41), (137,125,143,130,10,60,51,123,102,68,82,53), (13,39,25,100,50,12,55,33,114,76,37,19), (26,65,52,117,90,136,110,20,44,38,74,22), (75,78,30,135,70,96,24,36,119,133,62,31), (105,18,80,104,140,120,66,132,54,99,121,93), (87,35,63,45,144,126,48,40,88,111,11,124), (9,91,6,98,42,84,108,69,138,8,23,122), (79,141,3,81,56,112,72,77,115,92,142,86), (47,73,94,21,27,128,28,32,64,46,89,71), (29,83,58,49,116,7,14,16,129,43,131,61)
776352
(109,107,5,134,59,1,2,118,57,139,113,97), (127,67,103,4,15,85,34,106,95,101,17,41), (137,125,143,130,10,60,51,123,102,68,82,53), (13,39,25,100,50,12,55,33,114,76,37,19), (26,65,52,117,90,136,110,20,44,38,74,22), (75,78,30,135,70,96,24,36,119,133,62,31), (105,18,80,104,140,120,66,132,54,99,121,93), (3,35,63,45,144,126,48,40,88,111,11,124), (9,91,6,98,42,84,108,69,138,8,23,122), (79,141,87,81,56,112,72,77,115,92,142,86), (47,73,94,21,27,128,28,32,64,46,89,71), (29,83,58,49,116,7,14,16,129,43,131,61)
775040
(109,107,5,134,59,1,2,118,57,139,113,97), (127,67,103,4,15,85,34,106,95,101,17,41), (137,125,143,130,10,60,51,123,102,68,82,53), (13,39,25,100,50,12,55,33,114,76,37,19), (26,65,52,117,90,20,110,136,44,38,74,22), (75,78,30,135,70,96,24,36,119,133,62,31), (105,18,80,104,140,120,66,132,54,99,121,93), (3,35,63,45,144,126,48,40,88,111,11,124), (9,91,6,98,42,84,108,69,138,8,23,122), (79,141,87,81,56,112,72,77,115,92,142,86), (47,73,94,21,27,128,28,32,64,46,89,71), (29,83,58,49,116,7,14,16,129,43,131,61)
773612
(109,107,5,134,59,1,2,118,57,139,113,97), (127,67,103,4,15,85,34,106,95,101,17,41), (137,125,143,130,10,20,51,123,102,68,82,53), (13,39,25,100,50,12,55,33,114,76,37,19), (26,65,52,117,90,60,110,136,44,38,74,22), (75,78,30,135,70,96,24,36,119,133,62,31), (105,18,80,104,140,120,66,132,54,99,121,93), (3,35,63,45,144,126,48,40,88,111,11,124), (9,91,6,98,42,84,108,69,138,8,23,122), (79,141,87,81,56,112,72,77,115,92,142,86), (47,73,94,21,27,128,28,32,64,46,89,71), (29,83,58,49,116,7,14,16,129,43,131,61)
772415
(109,107,5,134,59,1,2,118,57,139,113,97), (127,67,103,4,15,85,34,106,95,101,17,41), (137,125,143,130,10,20,51,123,102,68,82,53), (13,39,25,100,50,12,55,33,114,76,37,19), (26,65,52,117,90,60,110,136,44,38,74,22), (75,78,30,135,70,96,24,36,119,133,62,31), (105,18,80,104,140,120,66,132,54,99,121,93), (3,35,63,45,144,126,48,40,88,111,11,124), (9,91,6,98,42,84,108,64,138,8,23,122), (79,141,87,81,56,112,72,77,115,92,142,86), (47,73,94,21,27,128,28,32,69,46,89,71), (29,83,58,49,116,7,14,16,129,43,131,61)
771303
(109,107,5,134,59,1,2,118,57,139,113,97), (127,67,103,4,15,85,34,106,95,101,17,41), (137,125,143,130,10,20,51,68,102,123,82,53), (13,39,25,100,50,12,55,33,114,76,37,19), (26,65,52,117,90,60,110,136,44,38,74,22), (75,78,30,135,70,96,24,36,119,133,62,31), (105,18,80,104,140,120,66,132,54,99,121,93), (3,35,63,45,144,126,48,40,88,111,11,124), (9,91,6,98,42,84,108,64,138,8,23,122), (79,141,87,81,56,112,72,77,115,92,142,86), (47,73,94,21,27,128,28,32,69,46,89,71), (29,83,58,49,116,7,14,16,129,43,131,61)
770191
(109,107,5,134,59,1,2,118,57,139,113,97), (127,67,103,4,15,85,34,106,95,101,17,41), (137,125,143,130,10,20,51,68,102,123,82,53), (13,39,25,100,50,12,55,33,114,76,37,19), (26,65,52,105,90,60,110,136,44,38,74,22), (75,78,30,135,70,96,24,36,119,133,62,31), (117,18,80,104,140,120,66,132,54,99,121,93), (3,35,63,45,144,126,48,40,88,111,11,124), (9,91,6,98,42,84,108,64,138,8,23,122), (79,141,87,81,56,112,72,77,115,92,142,86), (47,73,94,21,27,128,28,32,69,46,89,71), (29,83,58,49,116,7,14,16,129,43,131,61)
769037
(109,107,5,134,59,1,2,118,57,139,113,97), (127,67,103,4,15,85,34,106,95,101,17,41), (137,125,143,130,10,20,51,68,102,123,82,53), (13,39,25,100,50,12,55,33,114,76,37,19), (26,65,52,80,90,60,110,136,44,38,74,22), (75,78,30,135,70,96,24,36,119,133,62,31), (117,18,105,104,140,120,66,132,54,99,121,93), (3,35,63,45,144,126,48,40,88,111,11,124), (9,91,6,98,42,84,108,64,138,8,23,122), (79,141,87,81,56,112,72,77,115,92,142,86), (47,73,94,21,27,128,28,32,69,46,89,71), (29,83,58,49,116,7,14,16,129,43,131,61)
767975
(109,107,5,134,59,1,2,118,106,139,113,97), (127,67,103,4,15,85,34,57,95,101,17,41), (137,125,143,130,10,20,51,68,102,123,82,53), (13,39,25,100,50,12,55,33,114,76,37,19), (26,65,52,80,90,60,110,136,44,38,74,22), (75,78,30,135,70,96,24,36,119,133,62,31), (117,18,105,104,140,120,66,132,54,99,121,93), (3,35,63,45,144,126,48,40,88,111,11,124), (9,91,6,98,42,84,108,64,138,8,23,122), (79,141,87,81,56,112,72,77,115,92,142,86), (47,73,94,21,27,128,28,32,69,46,89,71), (29,83,58,49,116,7,14,16,129,43,131,61)
766943
(109,107,5,134,59,1,2,118,106,139,113,97), (127,67,103,4,15,85,34,57,95,101,17,41), (137,125,143,130,10,20,51,68,102,123,82,53), (13,39,25,100,50,12,55,33,114,76,37,19), (26,65,52,80,90,60,110,136,44,38,74,22), (75,78,30,135,70,40,24,36,119,133,62,31), (117,18,105,104,140,120,66,132,54,99,121,93), (3,35,63,45,144,126,48,96,88,111,11,124), (9,91,6,98,42,84,108,64,138,8,23,122), (79,141,87,81,56,112,72,77,115,92,142,86), (47,73,94,21,27,128,28,32,69,46,89,71), (29,83,58,49,116,7,14,16,129,43,131,61)
765926
(109,107,5,134,59,1,2,118,17,139,113,97), (127,67,103,4,15,85,34,57,95,101,106,41), (137,125,143,130,10,20,51,68,102,123,82,53), (13,39,25,100,50,12,55,33,114,76,37,19), (26,65,52,80,90,60,110,136,44,38,74,22), (75,78,30,135,70,40,24,36,119,133,62,31), (117,18,105,104,140,120,66,132,54,99,121,93), (3,35,63,45,144,126,48,96,88,111,11,124), (9,91,6,98,42,84,108,64,138,8,23,122), (79,141,87,81,56,112,72,77,115,92,142,86), (47,73,94,21,27,128,28,32,69,46,89,71), (29,83,58,49,116,7,14,16,129,43,131,61)
764877
(109,107,5,134,59,1,2,118,17,139,113,97), (127,67,103,4,15,85,34,57,95,101,106,41), (137,125,143,130,10,20,51,68,102,123,82,53), (13,39,25,100,50,119,55,33,114,76,37,19), (26,65,52,80,90,60,110,136,44,38,74,22), (75,78,30,135,70,40,24,36,12,133,62,31), (117,18,105,104,140,120,66,132,54,99,121,93), (3,35,63,45,144,126,48,96,88,111,11,124), (9,91,6,98,42,84,108,64,138,8,23,122), (79,141,87,81,56,112,72,77,115,92,142,86), (47,73,94,21,27,128,28,32,69,46,89,71), (29,83,58,49,116,7,14,16,129,43,131,61)
763913
(109,107,5,134,59,1,2,118,17,139,113,97), (127,67,103,4,15,85,34,57,95,101,106,41), (137,125,143,130,10,20,51,68,102,123,82,53), (13,39,25,100,50,119,55,33,114,76,37,19), (26,65,52,80,90,60,110,136,44,38,74,22), (75,78,30,135,70,40,24,36,12,133,62,31), (117,18,105,104,140,120,54,132,66,99,121,93), (3,35,63,45,144,126,48,96,88,111,11,124), (9,91,6,98,42,84,108,64,138,8,23,122), (79,141,87,81,56,112,72,77,115,92,142,86), (47,73,94,21,27,128,28,32,69,46,89,71), (29,83,58,49,116,7,14,16,129,43,131,61)
762919
(109,107,5,134,59,1,2,118,17,139,113,97), (127,67,103,4,15,85,34,57,95,101,106,41), (137,125,143,130,10,20,51,68,55,123,82,53), (13,39,25,100,50,119,102,33,114,76,37,19), (26,65,52,80,90,60,110,136,44,38,74,22), (75,78,30,135,70,40,24,36,12,133,62,31), (117,18,105,104,140,120,54,132,66,99,121,93), (3,35,63,45,144,126,48,96,88,111,11,124), (9,91,6,98,42,84,108,64,138,8,23,122), (79,141,87,81,56,112,72,77,115,92,142,86), (47,73,94,21,27,128,28,32,69,46,89,71), (29,83,58,49,116,7,14,16,129,43,131,61)
762059
(109,107,5,134,59,1,2,118,17,139,113,97), (127,67,103,4,15,85,34,57,95,101,106,41), (137,125,25,130,10,20,51,68,55,123,82,53), (13,39,143,100,50,119,102,33,114,76,37,19), (26,65,52,80,90,60,110,136,44,38,74,22), (75,78,30,135,70,40,24,36,12,133,62,31), (117,18,105,104,140,120,54,132,66,99,121,93), (3,35,63,45,144,126,48,96,88,111,11,124), (9,91,6,98,42,84,108,64,138,8,23,122), (79,141,87,81,56,112,72,77,115,92,142,86), (47,73,94,21,27,128,28,32,69,46,89,71), (29,83,58,49,116,7,14,16,129,43,131,61)
761207
(109,107,5,134,59,1,2,118,17,139,113,97), (127,67,103,4,15,85,34,57,95,101,106,41), (137,125,25,130,10,20,51,68,55,123,82,53), (13,39,143,100,50,119,102,33,114,76,37,19), (26,65,52,80,90,60,110,136,44,38,74,121), (75,78,30,135,70,40,24,36,12,133,62,31), (117,18,105,104,140,120,54,132,66,99,22,93), (3,35,63,45,144,126,48,96,88,111,11,124), (9,91,6,98,42,84,108,64,138,8,23,122), (79,141,87,81,56,112,72,77,115,92,142,86), (47,73,94,21,27,128,28,32,69,46,89,71), (29,83,58,49,116,7,14,16,129,43,131,61)
760443
(109,107,5,134,59,1,2,118,17,139,113,97), (127,67,103,4,15,85,34,57,95,101,106,41), (137,125,25,130,10,20,51,68,55,123,82,53), (13,75,143,100,50,119,102,33,114,76,37,19), (26,65,52,80,90,60,110,136,44,38,74,121), (39,78,30,135,70,40,24,36,12,133,62,31), (117,18,105,104,140,120,54,132,66,99,22,93), (3,35,63,45,144,126,48,96,88,111,11,124), (9,91,6,98,42,84,108,64,138,8,23,122), (79,141,87,81,56,112,72,77,115,92,142,86), (47,73,94,21,27,128,28,32,69,46,89,71), (29,83,58,49,116,7,14,16,129,43,131,61)
759711
(109,107,103,134,59,1,2,118,17,139,113,97), (127,67,5,4,15,85,34,57,95,101,106,41), (137,125,25,130,10,20,51,68,55,123,82,53), (13,75,143,100,50,119,102,33,114,76,37,19), (26,65,52,80,90,60,110,136,44,38,74,121), (39,78,30,135,70,40,24,36,12,133,62,31), (117,18,105,104,140,120,54,132,66,99,22,93), (3,35,63,45,144,126,48,96,88,111,11,124), (9,91,6,98,42,84,108,64,138,8,23,122), (79,141,87,81,56,112,72,77,115,92,142,86), (47,73,94,21,27,128,28,32,69,46,89,71), (29,83,58,49,116,7,14,16,129,43,131,61)
758989
(109,107,103,134,59,1,2,118,17,139,113,97), (127,67,5,4,15,85,34,57,95,101,106,41), (137,125,25,130,10,20,51,68,55,123,82,53), (13,75,143,100,50,119,102,33,114,76,37,19), (26,65,52,80,90,60,110,136,44,38,74,121), (39,78,30,135,70,40,24,36,12,133,62,31), (117,18,105,104,140,120,54,132,66,99,22,93), (3,35,63,45,144,126,48,96,88,111,11,124), (9,91,6,98,42,84,108,64,138,8,23,122), (79,141,87,81,56,112,72,77,115,92,142,89), (47,73,94,21,27,128,28,32,69,46,86,71), (29,83,58,49,116,7,14,16,129,43,131,61)
758325
(109,107,103,134,59,1,2,118,17,139,113,97), (127,67,5,4,15,85,34,57,95,101,106,41), (137,125,25,143,10,20,51,68,55,123,82,53), (13,75,130,100,50,119,102,33,114,76,37,19), (26,65,52,80,90,60,110,136,44,38,74,121), (39,78,30,135,70,40,24,36,12,133,62,31), (117,18,105,104,140,120,54,132,66,99,22,93), (3,35,63,45,144,126,48,96,88,111,11,124), (9,91,6,98,42,84,108,64,138,8,23,122), (79,141,87,81,56,112,72,77,115,92,142,89), (47,73,94,21,27,128,28,32,69,46,86,71), (29,83,58,49,116,7,14,16,129,43,131,61)
757666
(109,107,103,134,59,1,2,118,17,139,113,97), (127,67,5,4,15,85,34,57,95,101,106,41), (137,125,25,143,10,20,51,68,55,123,82,53), (13,75,130,100,50,119,102,33,114,76,37,19), (26,65,52,80,90,60,110,136,44,38,74,121), (39,78,30,135,70,40,24,36,12,133,62,31), (117,45,105,104,140,120,54,132,66,99,22,93), (3,35,63,18,144,126,48,96,88,111,11,124), (9,91,6,98,42,84,108,64,138,8,23,122), (79,141,87,81,56,112,72,77,115,92,142,89), (47,73,94,21,27,128,28,32,69,46,86,71), (29,83,58,49,116,7,14,16,129,43,131,61)
757057
(109,107,103,134,59,1,2,118,17,139,113,97), (127,67,5,4,15,85,34,57,95,101,19,41), (137,125,25,143,10,20,51,68,55,123,82,53), (13,75,130,100,50,119,102,33,114,76,37,106), (26,65,52,80,90,60,110,136,44,38,74,121), (39,78,30,135,70,40,24,36,12,133,62,31), (117,45,105,104,140,120,54,132,66,99,22,93), (3,35,63,18,144,126,48,96,88,111,11,124), (9,91,6,98,42,84,108,64,138,8,23,122), (79,141,87,81,56,112,72,77,115,92,142,89), (47,73,94,21,27,128,28,32,69,46,86,71), (29,83,58,49,116,7,14,16,129,43,131,61)
756361
(109,107,103,134,59,1,2,118,17,139,113,97), (127,67,5,4,15,85,34,57,95,101,19,41), (137,125,25,143,10,20,51,68,55,123,82,53), (13,75,130,100,50,119,102,133,114,76,37,106), (26,65,52,80,90,60,110,136,44,38,74,121), (39,78,30,135,70,40,24,36,12,33,62,31), (117,45,105,104,140,120,54,132,66,99,22,93), (3,35,63,18,144,126,48,96,88,111,11,124), (9,91,6,98,42,84,108,64,138,8,23,122), (79,141,87,81,56,112,72,77,115,92,142,89), (47,73,94,21,27,128,28,32,69,46,86,71), (29,83,58,49,116,7,14,16,129,43,131,61)
755737
(109,107,103,134,59,1,2,118,17,139,113,97), (127,67,5,4,15,85,34,57,95,101,19,41), (137,125,25,143,10,20,51,68,55,123,82,53), (13,75,130,100,50,119,102,133,114,76,37,106), (26,65,52,80,90,60,110,136,44,38,74,121), (39,78,30,135,70,40,24,36,12,33,62,31), (117,45,105,104,140,120,54,132,66,99,22,93), (3,35,63,18,144,126,48,96,88,111,124,11), (9,91,6,98,42,84,108,64,138,8,23,122), (79,141,87,81,56,112,72,77,115,92,142,89), (47,73,94,21,27,128,28,32,69,46,86,71), (29,83,58,49,116,7,14,16,129,43,131,61)
755033
(109,107,103,134,59,1,2,118,17,139,113,97), (127,67,5,4,15,85,34,57,95,101,19,41), (137,125,25,143,10,20,51,68,55,123,82,53), (13,75,130,100,50,119,102,133,114,76,11,106), (26,65,52,80,90,60,110,136,44,38,74,121), (39,78,30,135,70,40,24,36,12,33,62,31), (117,45,105,104,140,120,54,132,66,99,22,93), (3,35,63,18,144,126,48,96,88,111,124,37), (9,91,6,98,42,84,108,64,138,8,23,122), (79,141,87,81,56,112,72,77,115,92,142,89), (47,73,94,21,27,128,28,32,69,46,86,71), (29,83,58,49,116,7,14,16,129,43,131,61)
754369
(109,107,103,134,59,1,2,118,17,139,113,97), (127,67,5,4,15,85,34,57,95,101,19,41), (137,125,25,143,10,20,51,68,55,123,82,53), (13,75,130,100,50,119,102,133,114,76,11,106), (26,65,52,80,90,60,110,136,44,38,22,121), (39,78,30,135,70,40,24,36,12,33,62,31), (117,45,105,104,140,120,54,132,66,99,74,93), (3,35,63,18,144,126,48,96,88,111,124,37), (9,91,6,98,42,84,108,64,138,8,23,122), (79,141,87,81,56,112,72,77,115,92,142,89), (47,73,94,21,27,128,28,32,69,46,86,71), (29,83,58,49,116,7,14,16,129,43,131,61)
753644
(109,107,103,134,59,1,2,118,17,139,113,97), (127,67,5,4,15,85,34,57,95,101,19,41), (137,125,25,143,10,20,51,68,55,123,82,53), (13,75,130,100,50,119,102,133,114,76,11,106), (26,65,52,80,90,60,110,136,44,38,22,121), (39,78,30,135,70,40,24,36,77,33,62,31), (117,45,105,104,140,120,54,132,66,99,74,93), (3,35,63,18,144,126,48,96,88,111,124,37), (9,91,6,98,42,84,108,64,138,8,23,122), (79,141,87,81,56,112,72,12,115,92,142,89), (47,73,94,21,27,128,28,32,69,46,86,71), (29,83,58,49,116,7,14,16,129,43,131,61)
753132
(109,107,103,134,59,1,2,118,17,139,113,97), (127,67,5,4,15,85,34,57,95,101,19,41), (137,125,25,143,10,20,51,68,55,123,82,53), (13,75,130,100,50,119,102,133,114,76,11,106), (26,65,52,80,90,60,110,136,44,38,22,121), (39,78,30,135,70,40,24,36,99,33,62,31), (117,45,105,104,140,120,54,132,66,77,74,93), (3,35,63,18,144,126,48,96,88,111,124,37), (9,91,6,98,42,84,108,64,138,8,23,122), (79,141,87,81,56,112,72,12,115,92,142,89), (47,73,94,21,27,128,28,32,69,46,86,71), (29,83,58,49,116,7,14,16,129,43,131,61)
752628
(109,107,103,134,59,118,2,1,17,139,113,97), (127,67,5,4,15,85,34,57,95,101,19,41), (137,125,25,143,10,20,51,68,55,123,82,53), (13,75,130,100,50,119,102,133,114,76,11,106), (26,65,52,80,90,60,110,136,44,38,22,121), (39,78,30,135,70,40,24,36,99,33,62,31), (117,45,105,104,140,120,54,132,66,77,74,93), (3,35,63,18,144,126,48,96,88,111,124,37), (9,91,6,98,42,84,108,64,138,8,23,122), (79,141,87,81,56,112,72,12,115,92,142,89), (47,73,94,21,27,128,28,32,69,46,86,71), (29,83,58,49,116,7,14,16,129,43,131,61)
752139
(109,107,103,134,59,118,2,1,17,139,113,97), (127,67,5,4,15,85,34,57,95,101,19,41), (137,125,25,143,10,20,51,68,55,123,82,53), (13,75,130,100,50,119,102,133,114,76,11,106), (26,65,52,80,90,60,110,136,44,38,22,121), (39,78,135,30,70,40,24,36,99,33,62,31), (117,45,105,104,140,120,54,132,66,77,74,93), (3,35,63,18,144,126,48,96,88,111,124,37), (9,91,6,98,42,84,108,64,138,8,23,122), (79,141,87,81,56,112,72,12,115,92,142,89), (47,73,94,21,27,128,28,32,69,46,86,71), (29,83,58,49,116,7,14,16,129,43,131,61)
751659
(109,107,103,134,59,118,2,1,17,139,113,97), (127,67,5,4,15,85,34,57,95,101,19,41), (137,125,25,143,10,20,51,68,55,123,82,53), (13,75,130,100,50,119,102,133,114,76,11,106), (26,65,52,80,90,60,110,136,44,38,22,121), (39,78,135,30,70,40,24,36,99,33,62,31), (117,45,105,104,140,120,54,132,66,77,74,93), (3,35,63,18,144,126,48,96,88,111,124,37), (9,91,6,98,42,84,108,64,138,8,23,122), (79,141,87,81,56,112,72,12,115,92,142,61), (47,73,94,21,27,128,28,32,69,46,86,71), (29,83,58,49,116,7,14,16,129,43,131,89)
751215
(109,107,103,134,59,118,2,1,17,139,113,97), (127,67,5,4,15,85,34,57,95,101,19,41), (137,125,25,143,10,20,51,68,55,123,82,53), (13,75,130,100,50,119,102,133,114,38,11,106), (26,65,52,80,90,60,110,136,44,76,22,121), (39,78,135,30,70,40,24,36,99,33,62,31), (117,45,105,104,140,120,54,132,66,77,74,93), (3,35,63,18,144,126,48,96,88,111,124,37), (9,91,6,98,42,84,108,64,138,8,23,122), (79,141,87,81,56,112,72,12,115,92,142,61), (47,73,94,21,27,128,28,32,69,46,86,71), (29,83,58,49,116,7,14,16,129,43,131,89)
750783
(109,107,103,134,59,118,2,1,17,139,113,97), (127,67,5,4,15,85,34,57,95,101,19,41), (137,125,25,143,10,20,51,68,55,123,82,53), (13,75,130,100,50,119,102,133,114,38,11,106), (26,65,52,80,90,60,110,136,44,76,22,121), (39,78,135,30,70,40,24,36,99,33,62,31), (117,45,105,104,140,120,54,132,66,77,74,93), (3,35,63,18,144,126,48,96,88,111,124,37), (9,91,6,98,42,84,108,64,138,8,16,122), (79,141,87,81,56,112,72,12,115,92,142,61), (47,73,94,21,27,128,28,32,69,46,86,71), (29,83,58,49,116,7,14,23,129,43,131,89)
750011
(109,107,103,134,59,118,2,1,17,139,113,97), (127,67,5,4,15,85,34,57,95,101,19,41), (137,125,25,143,10,20,51,68,55,123,82,53), (13,75,130,100,50,119,102,133,114,38,11,106), (26,65,52,80,90,60,110,136,44,76,22,121), (39,78,135,30,70,40,24,36,99,33,62,31), (117,45,105,104,140,120,54,132,66,77,74,93), (3,35,63,18,144,126,48,96,88,111,124,37), (9,91,6,98,42,84,108,64,138,8,16,122), (79,141,87,81,56,112,72,12,115,92,142,61), (47,73,94,21,27,128,28,32,69,46,23,71), (29,83,58,49,116,7,14,86,129,43,131,89)
749597
(109,107,103,134,59,118,2,1,17,139,113,97), (127,67,5,4,15,85,34,57,95,101,19,41), (137,125,25,143,10,20,51,68,55,123,82,53), (13,75,130,100,50,119,102,133,114,38,11,106), (26,65,52,80,90,60,110,136,44,76,22,121), (39,78,135,30,70,40,24,36,99,33,62,31), (117,45,105,104,140,120,18,132,66,77,74,93), (3,35,63,54,144,126,48,96,88,111,124,37), (9,91,6,98,42,84,108,64,138,8,16,122), (79,141,87,81,56,112,72,12,115,92,142,61), (47,73,94,21,27,128,28,32,69,46,23,71), (29,83,58,49,116,7,14,86,129,43,131,89)
748991
(109,107,103,134,59,118,2,1,17,139,113,97), (127,67,5,4,15,85,34,57,95,101,19,41), (137,125,25,143,10,20,51,68,55,123,82,53), (13,75,130,100,50,119,102,133,114,38,11,106), (26,65,52,80,90,60,110,136,44,76,22,121), (39,78,135,30,70,40,24,36,99,33,62,31), (117,45,105,104,140,120,72,132,66,77,74,93), (3,35,63,54,144,126,48,96,88,111,124,37), (9,91,6,98,42,84,108,64,138,8,16,122), (79,141,87,81,56,112,18,12,115,92,142,61), (47,73,94,21,27,128,28,32,69,46,23,71), (29,83,58,49,116,7,14,86,129,43,131,89)
748475
(109,107,103,134,59,118,2,1,17,139,113,97), (127,67,5,4,15,85,34,57,95,101,19,41), (137,125,25,143,10,20,51,68,55,123,82,53), (13,75,130,100,50,119,102,133,114,38,11,106), (26,65,52,80,90,60,110,136,44,76,22,121), (39,78,135,30,70,40,24,36,99,33,62,31), (117,45,105,104,140,120,72,132,66,77,74,93), (3,35,63,54,144,126,48,96,88,111,124,37), (9,91,27,98,42,84,108,64,138,8,16,122), (79,141,87,81,56,112,18,12,115,92,142,61), (47,73,94,21,6,128,28,32,69,46,23,71), (29,83,58,49,116,7,14,86,129,43,131,89)