
100000
(23,31,77,59,25,60,58,62,45,97), (53,12,15,88,100,70,38,3,34,39), (30,78,55,69,73,81,8,10,21,54), (96,93,22,44,91,67,99,20,80,16), (79,72,32,66,95,29,41,42,24,63), (14,5,48,26,35,17,83,6,90,82), (61,27,2,36,13,18,19,92,40,85), (7,65,46,56,84,33,86,49,50,37), (47,87,94,4,64,71,9,75,74,11), (68,52,76,51,28,89,1,43,98,57)
355220
(8,83,67,17,13,38,76,23,33,93), (64,41,91,45,60,44,55,42,96,20), (14,58,39,15,27,6,82,40,95,86), (81,65,70,99,4,25,31,61,84,30), (97,63,53,75,92,66,36,7,3,9), (90,89,37,98,74,54,88,52,29,43), (80,18,71,28,49,62,11,46,77,68), (10,32,21,85,57,47,22,51,78,16), (69,19,12,26,56,5,87,100,48,34), (50,94,24,1,2,79,72,35,73,59)
349254
(8,83,67,35,13,38,76,23,33,93), (64,41,91,45,60,44,55,42,96,20), (14,58,39,15,27,6,82,40,95,86), (81,65,70,99,4,25,31,61,84,30), (97,63,53,75,92,66,36,7,3,9), (90,89,37,98,74,54,88,52,29,43), (80,18,71,28,49,62,11,46,77,68), (10,32,21,85,57,47,22,51,78,16), (69,19,12,26,56,5,87,100,48,34), (50,94,24,1,2,79,72,17,73,59)
343350
(8,83,67,35,13,38,76,19,33,93), (64,41,91,45,60,44,55,42,96,20), (14,58,39,15,27,6,82,40,95,86), (81,65,70,99,4,25,31,61,84,30), (97,63,53,75,92,66,36,7,3,9), (90,89,37,98,74,54,88,52,29,43), (80,18,71,28,49,62,11,46,77,68), (10,32,21,85,57,47,22,51,78,16), (69,23,12,26,56,5,87,100,48,34), (50,94,24,1,2,79,72,17,73,59)
337314
(8,83,67,35,13,38,76,19,33,93), (64,41,91,45,60,44,55,42,57,20), (14,58,39,15,27,6,82,40,95,86), (81,65,70,99,4,25,31,61,84,30), (97,63,53,75,92,66,36,7,3,9), (90,89,37,98,74,54,88,52,29,43), (80,18,71,28,49,62,11,46,77,68), (10,32,21,85,96,47,22,51,78,16), (69,23,12,26,56,5,87,100,48,34), (50,94,24,1,2,79,72,17,73,59)
332123
(8,83,67,35,13,38,76,19,33,93), (64,41,91,45,60,44,55,42,57,20), (14,58,39,15,27,6,82,40,95,86), (81,65,70,99,4,25,31,61,84,30), (97,63,53,75,92,66,36,7,3,9), (90,89,37,98,74,54,88,52,29,43), (80,18,71,28,49,62,11,46,77,68), (10,32,21,85,96,50,22,51,78,16), (69,23,12,26,56,5,87,100,48,34), (47,94,24,1,2,79,72,17,73,59)
327067
(8,83,67,35,13,38,76,19,33,93), (64,41,91,45,60,44,55,42,57,20), (14,78,39,15,27,6,82,40,95,86), (81,65,70,99,4,25,31,61,84,30), (97,63,53,75,92,66,36,7,3,9), (90,89,37,98,74,54,88,52,29,43), (80,18,71,28,49,62,11,46,77,68), (10,32,21,85,96,50,22,51,58,16), (69,23,12,26,56,5,87,100,48,34), (47,94,24,1,2,79,72,17,73,59)
321915
(8,83,67,35,13,38,76,19,33,93), (64,41,91,45,60,44,55,42,57,20), (14,78,39,15,27,6,82,40,95,86), (81,65,70,99,4,25,31,61,84,30), (97,63,72,75,92,66,36,7,3,9), (90,89,37,98,74,54,88,52,29,43), (80,18,71,28,49,62,11,46,77,68), (10,32,21,85,96,50,22,51,58,16), (69,23,12,26,56,5,87,100,48,34), (47,94,24,1,2,79,53,17,73,59)
317382
(8,83,67,35,13,38,76,19,33,93), (64,41,91,45,60,44,55,42,57,62), (14,78,39,15,27,6,82,40,95,86), (81,65,70,99,4,25,31,61,84,30), (97,63,72,75,92,66,36,7,3,9), (90,89,37,98,74,54,88,52,29,43), (80,18,71,28,49,20,11,46,77,68), (10,32,21,85,96,50,22,51,58,16), (69,23,12,26,56,5,87,100,48,34), (47,94,24,1,2,79,53,17,73,59)
313056
(8,83,67,35,13,38,76,19,33,93), (64,41,91,45,60,44,55,42,57,62), (14,78,39,15,27,6,82,40,95,86), (81,65,70,99,4,25,30,61,84,31), (97,63,72,75,92,66,36,7,3,9), (90,89,37,98,74,54,88,52,29,43), (80,18,71,28,49,20,11,46,77,68), (10,32,21,85,96,50,22,51,58,16), (69,23,12,26,56,5,87,100,48,34), (47,94,24,1,2,79,53,17,73,59)
308816
(8,83,67,35,13,38,76,19,33,93), (64,41,91,45,60,44,55,42,57,62), (14,78,39,15,27,6,82,40,95,86), (81,65,70,99,4,25,30,61,84,31), (97,63,72,75,92,66,36,7,3,9), (90,89,37,98,74,54,88,52,29,43), (80,18,48,28,49,20,11,46,77,68), (10,32,21,85,96,50,22,51,58,16), (69,23,12,26,56,5,87,100,71,34), (47,94,24,1,2,79,53,17,73,59)
305066
(8,83,67,35,13,38,76,19,33,93), (64,41,91,45,60,44,55,42,57,62), (14,78,39,15,27,6,82,40,95,86), (81,65,70,99,4,25,30,61,84,31), (97,63,72,75,92,66,36,7,3,9), (90,89,37,98,74,54,88,52,29,43), (80,18,48,28,49,20,11,24,77,68), (10,32,21,85,96,50,22,51,58,16), (69,23,12,26,56,5,87,100,71,34), (47,94,46,1,2,79,53,17,73,59)
301384
(8,83,67,35,13,38,76,19,33,93), (26,41,91,45,60,44,55,42,57,62), (14,78,39,15,27,6,82,40,95,86), (81,65,70,99,4,25,30,61,84,31), (97,63,72,75,92,66,36,7,3,9), (90,89,37,98,74,54,88,52,29,43), (80,18,48,28,49,20,11,24,77,68), (10,32,21,85,96,50,22,51,58,16), (69,23,12,64,56,5,87,100,71,34), (47,94,46,1,2,79,53,17,73,59)
297920
(61,83,67,35,13,38,76,19,33,93), (26,41,91,45,60,44,55,42,57,62), (14,78,39,15,27,6,82,40,95,86), (81,65,70,99,4,25,30,8,84,31), (97,63,72,75,92,66,36,7,3,9), (90,89,37,98,74,54,88,52,29,43), (80,18,48,28,49,20,11,24,77,68), (10,32,21,85,96,50,22,51,58,16), (69,23,12,64,56,5,87,100,71,34), (47,94,46,1,2,79,53,17,73,59)
294696
(61,83,67,35,13,38,76,19,33,93), (26,41,91,45,60,44,55,42,57,62), (14,78,39,15,27,6,82,40,95,86), (81,65,70,99,4,25,30,8,84,31), (97,63,72,75,90,66,36,7,3,9), (92,89,37,98,74,54,88,52,29,43), (80,18,48,28,49,20,11,24,77,68), (10,32,21,85,96,50,22,51,58,16), (69,23,12,64,56,5,87,100,71,34), (47,94,46,1,2,79,53,17,73,59)
291581
(61,83,67,35,13,38,76,19,33,93), (26,41,91,45,60,44,55,42,57,62), (14,78,39,15,27,6,82,40,95,86), (81,65,70,99,4,25,30,8,84,31), (97,63,72,75,90,66,36,7,3,9), (92,89,37,98,80,54,88,52,29,43), (74,18,48,28,49,20,11,24,77,68), (10,32,21,85,96,50,22,51,58,16), (69,23,12,64,56,5,87,100,71,34), (47,94,46,1,2,79,53,17,73,59)
288789
(61,83,67,35,13,38,76,19,33,93), (26,41,91,45,60,44,55,42,57,62), (14,78,39,15,27,6,82,40,95,86), (81,65,70,99,100,25,30,8,84,31), (97,63,72,75,90,66,36,7,3,9), (92,89,37,98,80,54,88,52,29,43), (74,18,48,28,49,20,11,24,77,68), (10,32,21,85,96,50,22,51,58,16), (69,23,12,64,56,5,87,4,71,34), (47,94,46,1,2,79,53,17,73,59)
286113
(61,83,67,35,13,38,76,19,33,93), (26,41,91,45,60,44,55,42,57,62), (14,78,39,15,27,6,82,40,95,86), (81,65,70,99,100,25,30,8,84,31), (97,63,72,75,90,66,36,7,3,9), (92,89,10,98,80,54,88,52,29,43), (74,18,48,28,49,20,11,24,77,68), (37,32,21,85,96,50,22,51,58,16), (69,23,12,64,56,5,87,4,71,34), (47,94,46,1,2,79,53,17,73,59)
283513
(61,83,67,35,13,38,76,19,33,93), (26,41,91,45,60,52,55,42,57,62), (14,78,39,15,27,6,82,40,95,86), (81,65,70,99,100,25,30,8,84,31), (97,63,72,75,90,66,36,7,3,9), (92,89,10,98,80,54,88,44,29,43), (74,18,48,28,49,20,11,24,77,68), (37,32,21,85,96,50,22,51,58,16), (69,23,12,64,56,5,87,4,71,34), (47,94,46,1,2,79,53,17,73,59)
281117
(61,83,67,35,13,38,76,19,33,93), (26,41,91,45,60,52,55,42,57,62), (14,78,39,15,27,6,82,40,95,86), (81,65,70,99,100,25,30,8,11,31), (97,63,72,75,90,66,36,7,3,9), (92,89,10,98,80,54,88,44,29,43), (74,18,48,28,49,20,84,24,77,68), (37,32,21,85,96,50,22,51,58,16), (69,23,12,64,56,5,87,4,71,34), (47,94,46,1,2,79,53,17,73,59)
278705
(61,83,67,35,13,38,76,19,33,93), (26,41,91,45,60,52,55,25,57,62), (14,78,39,15,27,6,82,40,95,86), (81,65,70,99,100,42,30,8,11,31), (97,63,72,75,90,66,36,7,3,9), (92,89,10,98,80,54,88,44,29,43), (74,18,48,28,49,20,84,24,77,68), (37,32,21,85,96,50,22,51,58,16), (69,23,12,64,56,5,87,4,71,34), (47,94,46,1,2,79,53,17,73,59)
276775
(61,83,67,35,13,38,76,19,33,93), (26,41,91,45,60,52,55,25,57,62), (14,78,39,15,27,6,82,40,95,86), (81,65,70,99,100,42,30,8,11,31), (97,63,72,75,90,66,36,85,3,9), (92,89,10,98,80,54,88,44,29,43), (74,18,48,28,49,20,84,24,77,68), (37,32,21,7,96,50,22,51,58,16), (69,23,12,64,56,5,87,4,71,34), (47,94,46,1,2,79,53,17,73,59)
275000
(61,83,67,35,13,38,76,19,33,93), (26,41,91,45,60,52,55,25,57,62), (5,78,39,15,27,6,82,40,95,86), (81,65,70,99,100,42,30,8,11,31), (97,63,72,75,90,66,36,85,3,9), (92,89,10,98,80,54,88,44,29,43), (74,18,48,28,49,20,84,24,77,68), (37,32,21,7,96,50,22,51,58,16), (69,23,12,64,56,14,87,4,71,34), (47,94,46,1,2,79,53,17,73,59)
273332
(61,83,67,35,13,38,76,19,31,93), (26,41,91,45,60,52,55,25,57,62), (5,78,39,15,27,6,82,40,95,86), (81,65,70,99,100,42,30,8,11,33), (97,63,72,75,90,66,36,85,3,9), (92,89,10,98,80,54,88,44,29,43), (74,18,48,28,49,20,84,24,77,68), (37,32,21,7,96,50,22,51,58,16), (69,23,12,64,56,14,87,4,71,34), (47,94,46,1,2,79,53,17,73,59)
271727
(61,83,67,82,13,38,76,19,31,93), (26,41,91,45,60,52,55,25,57,62), (5,78,39,15,27,6,35,40,95,86), (81,65,70,99,100,42,30,8,11,33), (97,63,72,75,90,66,36,85,3,9), (92,89,10,98,80,54,88,44,29,43), (74,18,48,28,49,20,84,24,77,68), (37,32,21,7,96,50,22,51,58,16), (69,23,12,64,56,14,87,4,71,34), (47,94,46,1,2,79,53,17,73,59)
270213
(61,83,67,82,13,38,76,19,31,93), (26,41,91,45,60,52,55,25,57,62), (5,78,39,15,27,6,35,50,95,86), (81,65,70,99,100,42,30,8,11,33), (97,63,72,75,90,66,36,85,3,9), (92,89,10,98,80,54,88,44,29,43), (74,18,48,28,49,20,84,24,77,68), (37,32,21,7,96,40,22,51,58,16), (69,23,12,64,56,14,87,4,71,34), (47,94,46,1,2,79,53,17,73,59)
268865
(61,83,67,82,13,38,76,19,31,93), (26,41,91,45,60,52,55,25,57,62), (5,78,39,15,27,6,35,50,95,86), (81,65,70,99,100,42,30,8,11,33), (97,63,72,75,90,66,36,85,3,9), (92,89,10,98,80,54,88,44,29,43), (74,18,48,28,12,20,84,24,77,68), (37,32,21,7,96,40,22,51,58,16), (69,23,49,64,56,14,87,4,71,34), (47,94,46,1,2,79,53,17,73,59)
267510
(61,83,67,82,13,38,76,19,31,93), (26,41,91,45,60,52,55,25,57,62), (5,78,39,15,27,6,35,50,95,86), (81,65,70,99,100,42,30,8,11,33), (97,63,72,75,90,66,36,85,3,9), (92,89,10,98,80,54,88,44,16,43), (74,18,48,28,12,20,84,24,77,68), (37,32,21,7,96,40,22,51,58,29), (69,23,49,64,56,14,87,4,71,34), (47,94,46,1,2,79,53,17,73,59)
266254
(61,83,67,82,13,38,76,19,31,93), (26,41,91,45,60,52,55,25,57,62), (5,78,39,15,27,6,35,50,95,86), (81,65,70,99,100,42,30,8,11,33), (97,63,72,75,90,66,36,85,3,9), (92,69,10,98,80,54,88,44,16,43), (74,18,48,28,12,20,84,24,77,68), (37,32,21,7,96,40,22,51,58,29), (89,23,49,64,56,14,87,4,71,34), (47,94,46,1,2,79,53,17,73,59)
265038
(61,83,67,82,5,38,76,19,31,93), (26,41,91,45,60,52,55,25,57,62), (13,78,39,15,27,6,35,50,95,86), (81,65,70,99,100,42,30,8,11,33), (97,63,72,75,90,66,36,85,3,9), (92,69,10,98,80,54,88,44,16,43), (74,18,48,28,12,20,84,24,77,68), (37,32,21,7,96,40,22,51,58,29), (89,23,49,64,56,14,87,4,71,34), (47,94,46,1,2,79,53,17,73,59)
263525
(61,83,67,82,5,38,76,19,31,93), (26,41,91,45,60,10,55,25,57,62), (13,78,39,15,27,6,35,50,95,86), (81,65,70,99,100,42,30,8,11,33), (97,63,72,75,90,66,36,85,3,9), (92,69,52,98,80,54,88,44,16,43), (74,18,48,28,12,20,84,24,77,68), (37,32,21,7,96,40,22,51,58,29), (89,23,49,64,56,14,87,4,71,34), (47,94,46,1,2,79,53,17,73,59)
262253
(61,83,67,82,5,38,76,19,31,93), (26,41,91,45,75,10,55,25,57,62), (13,78,39,15,27,6,35,50,95,86), (81,65,70,99,100,42,30,8,11,33), (97,63,72,60,90,66,36,85,3,9), (92,69,52,98,80,54,88,44,16,43), (74,18,48,28,12,20,84,24,77,68), (37,32,21,7,96,40,22,51,58,29), (89,23,49,64,56,14,87,4,71,34), (47,94,46,1,2,79,53,17,73,59)
261120
(61,83,67,82,5,38,76,19,31,93), (26,41,91,45,75,10,55,25,57,62), (13,78,39,15,27,6,35,50,95,86), (81,65,70,99,100,42,30,22,11,33), (97,63,72,60,90,66,36,85,3,9), (92,69,52,98,80,54,88,44,16,43), (74,18,48,28,12,20,84,24,77,68), (37,32,21,7,96,40,8,51,58,29), (89,23,49,64,56,14,87,4,71,34), (47,94,46,1,2,79,53,17,73,59)
260052
(61,83,67,82,5,38,76,19,31,93), (26,41,91,45,75,10,55,25,57,62), (13,78,39,15,27,6,99,50,95,86), (81,65,70,35,100,42,30,22,11,33), (97,63,72,60,90,66,36,85,3,9), (92,69,52,98,80,54,88,44,16,43), (74,18,48,28,12,20,84,24,77,68), (37,32,21,7,96,40,8,51,58,29), (89,23,49,64,56,14,87,4,71,34), (47,94,46,1,2,79,53,17,73,59)
258892
(61,83,67,82,5,38,76,19,31,93), (26,41,81,45,75,10,55,25,57,62), (13,78,39,15,27,6,99,50,95,86), (91,65,70,35,100,42,30,22,11,33), (97,63,72,60,90,66,36,85,3,9), (92,69,52,98,80,54,88,44,16,43), (74,18,48,28,12,20,84,24,77,68), (37,32,21,7,96,40,8,51,58,29), (89,23,49,64,56,14,87,4,71,34), (47,94,46,1,2,79,53,17,73,59)
257768
(61,83,67,82,5,38,76,19,31,93), (26,41,81,45,75,10,55,25,57,62), (13,78,39,15,27,6,99,50,95,86), (91,65,70,35,100,42,30,22,11,33), (97,63,72,60,90,66,36,85,3,9), (92,69,52,98,80,54,88,44,16,43), (74,18,48,28,12,20,84,24,77,87), (37,32,21,7,96,40,8,51,58,29), (89,23,49,64,56,14,68,4,71,34), (47,94,46,1,2,79,53,17,73,59)
256762
(61,83,67,82,5,38,76,19,31,93), (26,41,81,45,75,10,55,25,57,62), (13,78,39,15,27,6,99,50,95,86), (91,65,70,35,100,42,30,22,11,33), (97,63,72,60,90,66,36,85,3,9), (7,69,52,98,80,54,88,44,16,43), (74,18,48,28,12,20,84,24,77,87), (37,32,21,92,96,40,8,51,58,29), (89,23,49,64,56,14,68,4,71,34), (47,94,46,1,2,79,53,17,73,59)
255802
(61,83,67,82,5,38,95,19,31,93), (26,41,81,45,75,10,55,25,57,62), (13,78,39,15,27,6,99,50,76,86), (91,65,70,35,100,42,30,22,11,33), (97,63,72,60,90,66,36,85,3,9), (7,69,52,98,80,54,88,44,16,43), (74,18,48,28,12,20,84,24,77,87), (37,32,21,92,96,40,8,51,58,29), (89,23,49,64,56,14,68,4,71,34), (47,94,46,1,2,79,53,17,73,59)
254858
(61,83,67,82,5,38,95,19,31,93), (26,41,81,45,75,10,55,25,57,62), (13,78,39,15,27,6,99,50,76,86), (91,65,70,35,100,42,30,22,11,33), (97,63,72,60,90,66,36,85,3,9), (7,69,52,98,80,54,88,44,16,43), (74,18,48,28,12,20,84,24,77,87), (37,14,21,92,96,40,8,51,58,29), (89,23,49,64,56,32,68,4,71,34), (47,94,46,1,2,79,53,17,73,59)
253912
(61,83,67,82,5,38,95,19,31,93), (26,41,81,45,75,10,55,25,57,62), (13,78,39,15,27,6,99,50,76,86), (91,65,70,35,100,42,30,22,11,33), (97,63,72,60,90,66,36,85,3,9), (7,69,52,18,80,54,88,44,16,43), (74,98,48,28,12,20,84,24,77,87), (37,14,21,92,96,40,8,51,58,29), (89,23,49,64,56,32,68,4,71,34), (47,94,46,1,2,79,53,17,73,59)
252986
(61,83,67,82,5,38,95,19,31,93), (26,41,81,45,75,10,55,25,57,62), (13,78,39,15,27,6,99,50,76,86), (91,65,70,35,100,42,30,22,11,33), (97,63,72,60,90,66,36,77,3,9), (7,69,52,18,80,54,88,44,16,43), (74,98,48,28,12,20,84,24,85,87), (37,14,21,92,96,40,8,51,58,29), (89,23,49,64,56,32,68,4,71,34), (47,94,46,1,2,79,53,17,73,59)
252042
(61,83,67,82,5,38,95,19,31,93), (26,41,81,45,75,10,55,25,57,62), (13,78,39,15,27,6,99,50,76,86), (91,65,70,35,100,42,30,22,11,33), (97,63,72,60,90,66,36,77,3,9), (7,69,52,18,80,54,88,44,16,43), (74,98,84,28,12,20,48,24,85,87), (37,14,21,92,96,40,8,51,58,29), (89,23,49,64,56,32,68,4,71,34), (47,94,46,1,2,79,53,17,73,59)
251118
(61,83,67,82,5,38,95,19,31,93), (26,41,81,45,75,10,55,25,57,62), (13,78,39,15,27,6,99,50,76,86), (91,65,70,35,100,60,30,22,11,33), (97,63,72,42,90,66,36,77,3,9), (7,69,52,18,80,54,88,44,16,43), (74,98,84,28,12,20,48,24,85,87), (37,14,21,92,96,40,8,51,58,29), (89,23,49,64,56,32,68,4,71,34), (47,94,46,1,2,79,53,17,73,59)
250239
(61,83,67,82,5,38,95,19,31,93), (97,41,81,45,75,10,55,25,57,62), (13,78,39,15,27,6,99,50,76,86), (91,65,70,35,100,60,30,22,11,33), (26,63,72,42,90,66,36,77,3,9), (7,69,52,18,80,54,88,44,16,43), (74,98,84,28,12,20,48,24,85,87), (37,14,21,92,96,40,8,51,58,29), (89,23,49,64,56,32,68,4,71,34), (47,94,46,1,2,79,53,17,73,59)
249521
(61,83,67,82,5,38,95,19,31,93), (97,41,81,45,75,10,55,25,57,62), (13,78,39,15,27,6,99,50,76,86), (91,65,70,35,100,60,30,22,11,33), (26,63,72,42,90,66,36,77,3,9), (7,21,52,18,80,54,88,44,16,43), (74,98,84,28,12,20,48,24,85,87), (37,14,69,92,96,40,8,51,58,29), (89,23,49,64,56,32,68,4,71,34), (47,94,46,1,2,79,53,17,73,59)
248839
(61,83,67,82,5,38,95,19,31,93), (97,41,81,45,75,10,55,25,57,62), (13,78,39,15,27,6,99,50,76,86), (91,65,70,35,100,60,30,22,11,33), (26,63,54,42,90,66,36,77,3,9), (7,21,52,18,80,72,88,44,16,43), (74,98,84,28,12,20,48,24,85,87), (37,14,69,92,96,40,8,51,58,29), (89,23,49,64,56,32,68,4,71,34), (47,94,46,1,2,79,53,17,73,59)
248181
(61,83,67,82,5,25,95,19,31,93), (97,41,81,45,75,10,55,38,57,62), (13,78,39,15,27,6,99,50,76,86), (91,65,70,35,100,60,30,22,11,33), (26,63,54,42,90,66,36,77,3,9), (7,21,52,18,80,72,88,44,16,43), (74,98,84,28,12,20,48,24,85,87), (37,14,69,92,96,40,8,51,58,29), (89,23,49,64,56,32,68,4,71,34), (47,94,46,1,2,79,53,17,73,59)
247585
(61,83,67,82,5,25,95,19,31,93), (97,41,81,45,75,10,55,38,57,62), (13,78,39,15,27,6,99,50,76,86), (91,65,70,35,100,60,30,22,11,33), (26,63,54,42,90,66,36,77,3,9), (7,21,52,18,80,72,88,44,16,43), (74,98,84,28,12,20,48,24,85,87), (37,14,69,92,96,40,8,51,58,29), (89,23,49,64,56,32,68,4,71,53), (47,94,46,1,2,79,34,17,73,59)
247017
(61,83,67,82,5,25,95,19,31,93), (97,41,81,45,75,10,55,38,57,62), (13,78,39,15,27,6,99,50,76,9), (91,65,70,35,100,60,30,22,11,33), (26,63,54,42,90,66,36,77,3,86), (7,21,52,18,80,72,88,44,16,43), (74,98,84,28,12,20,48,24,85,87), (37,14,69,92,96,40,8,51,58,29), (89,23,49,64,56,32,68,4,71,53), (47,94,46,1,2,79,34,17,73,59)
246473
(61,83,67,82,5,25,95,93,31,19), (97,41,81,45,75,10,55,38,57,62), (13,78,39,15,27,6,99,50,76,9), (91,65,70,35,100,60,30,22,11,33), (26,63,54,42,90,66,36,77,3,86), (7,21,52,18,80,72,88,44,16,43), (74,98,84,28,12,20,48,24,85,87), (37,14,69,92,96,40,8,51,58,29), (89,23,49,64,56,32,68,4,71,53), (47,94,46,1,2,79,34,17,73,59)
245982
(61,83,67,82,5,25,95,93,31,19), (97,41,81,45,75,10,55,38,57,62), (13,65,39,15,27,6,99,50,76,9), (91,78,70,35,100,60,30,22,11,33), (26,63,54,42,90,66,36,77,3,86), (7,21,52,18,80,72,88,44,16,43), (74,98,84,28,12,20,48,24,85,87), (37,14,69,92,96,40,8,51,58,29), (89,23,49,64,56,32,68,4,71,53), (47,94,46,1,2,79,34,17,73,59)
245494
(61,83,67,82,5,25,95,93,31,19), (97,41,81,45,75,10,55,38,57,62), (13,65,39,15,27,6,99,50,76,9), (91,78,70,35,100,60,30,22,33,11), (26,63,54,42,90,66,36,77,3,86), (7,21,52,18,80,72,88,44,16,43), (74,98,84,28,12,20,48,24,85,87), (37,14,69,92,96,40,8,51,58,29), (89,23,49,64,56,32,68,4,71,53), (47,94,46,1,2,79,34,17,73,59)
245014
(61,83,67,82,5,25,95,93,31,19), (97,41,81,45,75,10,55,38,57,62), (13,65,39,15,27,6,99,50,76,9), (91,78,70,35,100,60,30,22,33,11), (26,63,54,42,90,66,36,77,3,86), (7,21,52,18,80,72,88,44,16,43), (49,98,84,28,12,20,48,24,85,87), (37,14,69,92,96,40,8,51,58,29), (89,23,74,64,56,32,68,4,71,53), (47,94,46,1,2,79,34,17,73,59)
244494
(61,83,67,82,5,25,95,93,31,19), (97,41,81,45,75,10,55,38,57,62), (13,65,39,15,27,6,99,50,76,9), (91,78,70,35,100,60,30,22,33,11), (26,63,54,42,90,77,36,66,3,86), (7,21,52,18,80,72,88,44,16,43), (49,98,84,28,12,20,48,24,85,87), (37,14,69,92,96,40,8,51,58,29), (89,23,74,64,56,32,68,4,71,53), (47,94,46,1,2,79,34,17,73,59)
244034
(61,83,67,82,5,25,95,93,31,19), (97,41,81,45,75,10,55,38,57,62), (13,65,39,15,27,6,99,50,76,9), (91,78,70,35,100,60,30,22,33,11), (26,63,54,42,90,77,36,66,3,86), (7,21,52,18,80,72,88,44,16,43), (49,98,84,28,12,20,48,24,85,87), (37,14,69,56,96,40,8,51,58,29), (89,23,74,64,92,32,68,4,71,53), (47,94,46,1,2,79,34,17,73,59)
243562
(61,83,67,82,5,25,95,93,31,19), (97,41,81,45,75,10,55,38,57,62), (13,65,39,15,27,6,99,50,76,9), (91,35,70,78,100,60,30,22,33,11), (26,63,54,42,90,77,36,66,3,86), (7,21,52,18,80,72,88,44,16,43), (49,98,84,28,12,20,48,24,85,87), (37,14,69,56,96,40,8,51,58,29), (89,23,74,64,92,32,68,4,71,53), (47,94,46,1,2,79,34,17,73,59)
243106
(61,83,67,82,5,25,95,93,31,19), (97,41,81,45,75,10,55,38,57,62), (13,65,39,15,27,50,99,6,76,9), (91,35,70,78,100,60,30,22,33,11), (26,63,54,42,90,77,36,66,3,86), (7,21,52,18,80,72,88,44,16,43), (49,98,84,28,12,20,48,24,85,87), (37,14,69,56,96,40,8,51,58,29), (89,23,74,64,92,32,68,4,71,53), (47,94,46,1,2,79,34,17,73,59)
242749
(61,83,67,82,5,25,95,93,31,19), (97,41,81,45,75,10,55,38,57,62), (13,65,39,15,27,50,99,6,76,9), (91,35,70,78,100,60,30,22,33,11), (26,63,54,42,90,77,36,66,3,86), (7,21,52,18,80,72,88,44,16,43), (49,98,28,84,12,20,48,24,85,87), (37,14,69,56,96,40,8,51,58,29), (89,23,74,64,92,32,68,4,71,53), (47,94,46,1,2,79,34,17,73,59)
242392
(61,83,67,82,5,25,95,93,31,19), (97,41,81,45,75,10,55,38,57,62), (13,65,39,15,27,50,99,6,76,9), (91,35,70,78,100,60,30,22,33,11), (26,63,77,42,90,54,36,66,3,86), (7,21,52,18,80,72,88,44,16,43), (49,98,28,84,12,20,48,24,85,87), (37,14,69,56,96,40,8,51,58,29), (89,23,74,64,92,32,68,4,71,53), (47,94,46,1,2,79,34,17,73,59)
242073
(61,83,67,82,5,25,95,93,31,19), (97,41,81,45,75,10,55,38,57,62), (13,65,39,15,27,50,99,6,76,9), (91,35,70,78,100,60,30,22,33,11), (26,63,77,42,90,54,36,66,3,86), (7,21,52,18,80,72,88,44,16,43), (49,98,28,84,12,20,48,24,85,87), (37,14,69,56,96,40,8,51,58,29), (89,23,74,92,64,32,68,4,71,53), (47,94,46,1,2,79,34,17,73,59)
241769
(61,83,67,82,5,25,95,93,31,19), (97,41,81,45,75,10,55,38,57,62), (13,65,39,15,27,50,99,6,76,9), (91,35,70,78,100,60,30,22,33,11), (26,63,77,42,90,54,36,66,3,86), (7,21,52,18,80,72,88,44,16,43), (49,98,28,84,40,20,48,24,85,87), (37,14,69,56,96,12,8,51,58,29), (89,23,74,92,64,32,68,4,71,53), (47,94,46,1,2,79,34,17,73,59)
241513
(61,83,67,82,5,25,95,93,31,19), (97,41,81,45,75,10,55,38,57,62), (13,65,39,15,27,50,99,6,76,9), (91,35,70,78,100,60,30,22,33,11), (26,63,77,42,90,54,20,66,3,86), (7,21,52,18,80,72,88,44,16,43), (49,98,28,84,40,36,48,24,85,87), (37,14,69,56,96,12,8,51,58,29), (89,23,74,92,64,32,68,4,71,53), (47,94,46,1,2,79,34,17,73,59)
241269
(61,83,67,82,5,25,95,93,31,19), (97,41,81,27,75,10,55,38,57,62), (13,65,39,15,45,50,99,6,76,9), (91,35,70,78,100,60,30,22,33,11), (26,63,77,42,90,54,20,66,3,86), (7,21,52,18,80,72,88,44,16,43), (49,98,28,84,40,36,48,24,85,87), (37,14,69,56,96,12,8,51,58,29), (89,23,74,92,64,32,68,4,71,53), (47,94,46,1,2,79,34,17,73,59)
241046
(61,83,67,82,5,25,95,93,31,19), (97,41,81,27,75,10,55,38,57,62), (13,65,39,15,45,50,99,6,76,9), (91,35,70,78,100,60,30,22,33,11), (26,63,77,42,90,54,20,66,3,86), (7,21,52,18,80,72,88,44,16,43), (49,98,28,84,40,36,48,24,85,87), (37,14,69,56,96,12,8,51,58,29), (89,94,74,92,64,32,68,4,71,53), (47,23,46,1,2,79,34,17,73,59)
240848
(61,83,67,81,5,25,95,93,31,19), (97,41,82,27,75,10,55,38,57,62), (13,65,39,15,45,50,99,6,76,9), (91,35,70,78,100,60,30,22,33,11), (26,63,77,42,90,54,20,66,3,86), (7,21,52,18,80,72,88,44,16,43), (49,98,28,84,40,36,48,24,85,87), (37,14,69,56,96,12,8,51,58,29), (89,94,74,92,64,32,68,4,71,53), (47,23,46,1,2,79,34,17,73,59)
240656
(61,83,67,81,5,25,95,93,31,19), (97,41,82,27,75,10,55,38,57,62), (13,65,39,15,45,50,99,6,76,9), (91,35,70,78,100,60,30,22,33,11), (26,63,77,42,90,54,20,66,3,86), (7,21,52,18,80,72,88,44,16,43), (49,98,28,84,40,36,48,24,85,87), (37,14,69,56,96,12,8,51,58,29), (89,94,74,92,64,32,68,34,71,53), (47,23,46,1,2,79,4,17,73,59)
240486
(61,83,67,81,5,25,95,93,31,19), (97,41,82,27,75,15,55,38,57,62), (13,65,39,10,45,50,99,6,76,9), (91,35,70,78,100,60,30,22,33,11), (26,63,77,42,90,54,20,66,3,86), (7,21,52,18,80,72,88,44,16,43), (49,98,28,84,40,36,48,24,85,87), (37,14,69,56,96,12,8,51,58,29), (89,94,74,92,64,32,68,34,71,53), (47,23,46,1,2,79,4,17,73,59)
240310
(61,83,67,25,5,81,95,93,31,19), (97,41,82,27,75,15,55,38,57,62), (13,65,39,10,45,50,99,6,76,9), (91,35,70,78,100,60,30,22,33,11), (26,63,77,42,90,54,20,66,3,86), (7,21,52,18,80,72,88,44,16,43), (49,98,28,84,40,36,48,24,85,87), (37,14,69,56,96,12,8,51,58,29), (89,94,74,92,64,32,68,34,71,53), (47,23,46,1,2,79,4,17,73,59)
240082
(61,83,67,25,5,81,95,93,31,19), (97,41,82,27,75,15,55,38,57,62), (13,65,39,10,45,50,99,6,76,9), (91,35,70,78,100,60,30,22,33,11), (26,63,77,42,90,54,18,66,3,86), (7,21,52,20,80,72,88,44,16,43), (49,98,28,84,40,36,48,24,85,87), (37,14,69,56,96,12,8,51,58,29), (89,94,74,92,64,32,68,34,71,53), (47,23,46,1,2,79,4,17,73,59)
239894
(61,83,67,25,5,81,95,93,31,19), (97,41,82,27,75,15,55,38,57,62), (13,65,39,10,45,50,99,6,76,9), (91,35,70,78,100,60,30,22,33,11), (26,63,77,42,90,54,18,66,3,86), (7,21,52,20,80,72,88,44,12,43), (49,98,28,84,40,36,48,24,85,87), (37,14,69,56,96,16,8,51,58,29), (89,94,74,92,64,32,68,34,71,53), (47,23,46,1,2,79,4,17,73,59)
239719
(61,83,67,25,5,81,95,93,31,19), (97,41,82,27,75,15,55,38,57,62), (13,65,39,10,45,50,99,6,76,9), (91,35,70,78,90,60,30,22,33,11), (26,63,77,42,100,54,18,66,3,86), (7,21,52,20,80,72,88,44,12,43), (49,98,28,84,40,36,48,24,85,87), (37,14,69,56,96,16,8,51,58,29), (89,94,74,92,64,32,68,34,71,53), (47,23,46,1,2,79,4,17,73,59)
239571
(61,83,67,25,5,81,95,93,31,19), (97,41,82,27,75,15,55,38,57,62), (13,65,39,10,45,50,99,6,76,9), (91,35,70,78,90,60,30,22,33,11), (26,63,77,42,100,54,18,66,3,86), (7,21,52,20,80,72,88,44,12,43), (49,98,28,84,40,36,48,24,85,87), (37,14,69,56,96,16,8,51,58,29), (89,94,74,92,64,32,68,34,71,53), (47,23,1,46,2,79,4,17,73,59)
239417
(61,83,67,25,5,81,95,93,31,19), (97,41,82,27,75,15,55,38,57,62), (13,65,39,10,45,50,99,6,76,9), (91,35,70,78,90,60,30,22,33,11), (26,63,77,42,100,54,18,66,3,86), (7,21,52,20,80,72,88,44,12,43), (49,98,28,84,40,36,48,24,85,87), (37,14,69,56,96,16,8,51,58,29), (89,94,74,92,64,32,68,34,71,53), (47,1,23,46,2,79,4,17,73,59)
239285
(61,83,67,25,5,81,95,93,31,19), (97,41,82,27,75,15,55,38,57,62), (13,65,39,10,45,50,99,3,76,9), (91,35,70,78,90,60,30,22,33,11), (26,63,77,42,100,54,18,66,6,86), (7,21,52,20,80,72,88,44,12,43), (49,98,28,84,40,36,48,24,85,87), (37,14,69,56,96,16,8,51,58,29), (89,94,74,92,64,32,68,34,71,53), (47,1,23,46,2,79,4,17,73,59)
239037
(61,83,67,25,5,81,95,93,31,19), (97,41,82,27,75,15,55,38,57,62), (13,65,39,10,45,50,99,76,3,9), (91,35,70,78,90,60,30,22,33,11), (26,63,77,42,100,54,18,66,6,86), (7,21,52,20,80,72,88,44,12,43), (49,98,28,84,40,36,48,24,85,87), (37,14,69,56,96,16,8,51,58,29), (89,94,74,92,64,32,68,34,71,53), (47,1,23,46,2,79,4,17,73,59)
238881
(61,83,67,25,5,81,95,93,19,31), (97,41,82,27,75,15,55,38,57,62), (13,65,39,10,45,50,99,76,3,9), (91,35,70,78,90,60,30,22,33,11), (26,63,77,42,100,54,18,66,6,86), (7,21,52,20,80,72,88,44,12,43), (49,98,28,84,40,36,48,24,85,87), (37,14,69,56,96,16,8,51,58,29), (89,94,74,92,64,32,68,34,71,53), (47,1,23,46,2,79,4,17,73,59)
238665
(61,83,67,25,5,81,95,57,19,31), (97,41,82,27,75,15,55,38,93,62), (13,65,39,10,45,50,99,76,3,9), (91,35,70,78,90,60,30,22,33,11), (26,63,77,42,100,54,18,66,6,86), (7,21,52,20,80,72,88,44,12,43), (49,98,28,84,40,36,48,24,85,87), (37,14,69,56,96,16,8,51,58,29), (89,94,74,92,64,32,68,34,71,53), (47,1,23,46,2,79,4,17,73,59)
238545
(61,83,67,25,5,81,95,57,19,31), (97,41,82,27,75,15,55,38,93,62), (13,65,39,10,45,50,99,76,3,9), (91,35,70,78,90,54,30,22,33,11), (26,63,77,42,100,60,18,66,6,86), (7,21,52,20,80,72,88,44,12,43), (49,98,28,84,40,36,48,24,85,87), (37,14,69,56,96,16,8,51,58,29), (89,94,74,92,64,32,68,34,71,53), (47,1,23,46,2,79,4,17,73,59)
238437
(61,83,67,25,5,81,95,57,19,31), (97,41,82,27,75,15,55,38,93,62), (13,65,39,10,45,50,99,76,3,9), (91,35,70,78,90,54,30,22,33,11), (26,63,77,42,100,60,18,66,6,86), (7,21,52,20,80,72,88,44,12,43), (49,98,28,84,40,36,48,24,85,87), (1,14,69,56,96,16,8,51,58,29), (89,94,74,92,64,32,68,34,71,53), (47,37,23,46,2,79,4,17,73,59)
238340
(61,83,67,25,5,81,95,57,19,31), (97,41,82,27,75,15,55,38,93,62), (13,65,39,10,45,50,99,76,3,9), (91,35,70,78,90,54,30,22,33,11), (26,63,77,20,100,60,18,66,6,86), (7,21,52,42,80,72,88,44,12,43), (49,98,28,84,40,36,48,24,85,87), (1,14,69,56,96,16,8,51,58,29), (89,94,74,92,64,32,68,34,71,53), (47,37,23,46,2,79,4,17,73,59)
238244
(61,83,67,25,5,81,95,57,19,31), (97,41,82,27,75,15,55,38,93,62), (13,65,39,10,45,50,99,76,3,9), (91,35,70,78,90,54,30,22,33,11), (26,63,77,20,100,60,18,66,6,86), (7,21,52,42,80,72,88,44,12,43), (49,98,28,84,40,36,48,24,85,87), (1,14,69,56,96,64,8,51,58,29), (89,94,74,92,16,32,68,34,71,53), (47,37,23,46,2,79,4,17,73,59)
238148
(61,83,67,25,5,81,95,57,19,31), (97,41,82,27,75,15,55,38,93,62), (13,65,39,10,45,50,99,76,3,9), (91,35,70,78,90,54,30,22,33,11), (26,63,77,20,100,60,18,66,6,86), (7,21,52,42,80,72,88,44,12,43), (49,98,28,84,40,36,48,24,85,87), (1,14,69,56,96,64,8,51,58,29), (89,94,74,92,16,32,68,34,17,53), (47,37,23,46,2,79,4,71,73,59)
238059
(61,83,67,25,5,81,95,57,19,31), (97,41,82,27,75,15,55,38,93,62), (13,65,39,10,45,50,99,76,3,9), (26,35,70,78,90,54,30,22,33,11), (91,63,77,20,100,60,18,66,6,86), (7,21,52,42,80,72,88,44,12,43), (49,98,28,84,40,36,48,24,85,87), (1,14,69,56,96,64,8,51,58,29), (89,94,74,92,16,32,68,34,17,53), (47,37,23,46,2,79,4,71,73,59)
237974
(61,83,67,25,5,81,95,57,19,31), (97,41,82,27,75,15,55,38,93,62), (13,65,39,10,45,50,99,76,3,9), (26,35,70,78,90,54,30,22,33,11), (91,63,77,20,100,60,18,66,6,86), (7,21,52,42,80,72,88,44,12,43), (49,98,28,84,40,36,48,24,85,87), (1,14,69,56,96,64,8,51,58,29), (89,94,74,92,16,32,68,34,17,53), (47,37,23,46,2,4,79,71,73,59)
237893
(61,83,67,25,5,81,95,57,19,31), (97,41,82,27,75,15,55,38,93,62), (13,65,39,10,50,45,99,76,3,9), (26,35,70,78,90,54,30,22,33,11), (91,63,77,20,100,60,18,66,6,86), (7,21,52,42,80,72,88,44,12,43), (49,98,28,84,40,36,48,24,85,87), (1,14,69,56,96,64,8,51,58,29), (89,94,74,92,16,32,68,34,17,53), (47,37,23,46,2,4,79,71,73,59)
237805
(61,83,67,25,5,81,95,57,19,31), (97,41,82,15,75,27,55,38,93,62), (13,65,39,10,50,45,99,76,3,9), (26,35,70,78,90,54,30,22,33,11), (91,63,77,20,100,60,18,66,6,86), (7,21,52,42,80,72,88,44,12,43), (49,98,28,84,40,36,48,24,85,87), (1,14,69,56,96,64,8,51,58,29), (89,94,74,92,16,32,68,34,17,53), (47,37,23,46,2,4,79,71,73,59)
237695
(61,83,67,25,5,81,95,57,19,31), (97,41,82,15,75,27,55,38,93,62), (13,65,39,10,50,45,99,76,3,9), (26,35,63,78,90,54,30,22,33,11), (91,70,77,20,100,60,18,66,6,86), (7,21,52,42,80,72,88,44,12,43), (49,98,28,84,40,36,48,24,85,87), (1,14,69,56,96,64,8,51,58,29), (89,94,74,92,16,32,68,34,17,53), (47,37,23,46,2,4,79,71,73,59)
237555
(61,83,67,25,5,81,95,57,19,31), (97,41,82,15,75,27,55,38,93,62), (13,65,39,10,50,45,99,76,3,9), (26,35,63,78,90,54,30,22,33,11), (91,52,77,20,100,60,18,66,6,86), (7,21,70,42,80,72,88,44,12,43), (49,98,28,84,40,36,48,24,85,87), (1,14,69,56,96,64,8,51,58,29), (89,94,74,92,16,32,68,34,17,53), (47,37,23,46,2,4,79,71,73,59)
237440
(61,83,67,25,5,81,95,57,19,31), (97,41,82,15,75,27,55,38,93,62), (13,65,39,10,50,45,99,76,3,9), (26,35,63,78,90,30,54,22,33,11), (91,52,77,20,100,60,18,66,6,86), (7,21,70,42,80,72,88,44,12,43), (49,98,28,84,40,36,48,24,85,87), (1,14,69,56,96,64,8,51,58,29), (89,94,74,92,16,32,68,34,17,53), (47,37,23,46,2,4,79,71,73,59)
237365
(61,83,67,25,5,81,95,57,19,31), (97,41,82,15,75,27,55,38,93,62), (13,65,39,10,50,45,99,76,3,9), (26,35,63,78,90,30,54,22,33,11), (91,52,77,20,100,60,18,66,6,86), (7,21,70,42,80,72,88,44,12,43), (49,98,28,84,40,36,48,24,85,87), (1,14,69,56,64,96,8,51,58,29), (89,94,74,92,16,32,68,34,17,53), (47,37,23,46,2,4,79,71,73,59)
237292
(61,83,67,25,5,81,95,57,19,31), (97,41,82,15,75,27,55,38,93,62), (13,65,39,10,50,45,99,76,3,9), (26,35,63,78,90,30,54,22,33,11), (91,52,77,20,100,60,18,66,6,43), (7,21,70,42,80,72,88,44,12,86), (49,98,28,84,40,36,48,24,85,87), (1,14,69,56,64,96,8,51,58,29), (89,94,74,92,16,32,68,34,17,53), (47,37,23,46,2,4,79,71,73,59)
237220
(61,83,67,25,5,81,95,57,19,31), (97,41,82,15,75,27,55,38,93,62), (13,65,39,10,50,45,99,76,3,9), (26,35,63,78,90,30,54,22,33,11), (91,52,77,20,100,60,18,66,6,43), (7,21,70,42,80,72,88,44,12,86), (49,98,28,84,40,36,48,24,51,87), (1,14,69,56,64,96,8,85,58,29), (89,94,74,92,16,32,68,34,17,53), (47,37,23,46,2,4,79,71,73,59)
237133
(61,83,67,25,5,81,95,57,19,31), (97,41,82,15,75,27,55,38,93,62), (13,65,39,10,50,45,99,76,3,9), (26,35,63,78,90,30,54,22,33,11), (91,52,77,20,100,60,18,66,6,43), (7,21,70,42,80,72,88,44,85,86), (49,98,28,84,40,36,48,24,51,87), (1,14,69,56,64,96,8,12,58,29), (89,94,74,92,16,32,68,34,17,53), (47,37,23,46,2,4,79,71,73,59)
237036
(61,83,67,25,5,81,95,57,19,31), (97,41,82,15,75,27,55,38,93,62), (13,65,39,10,50,45,99,76,3,9), (26,35,63,78,90,30,54,22,33,11), (91,52,77,20,100,60,18,66,6,43), (7,21,70,42,80,72,88,44,85,86), (49,98,28,84,40,36,48,24,51,87), (1,14,69,56,64,96,68,12,58,29), (89,94,74,92,16,32,8,34,17,53), (47,37,23,46,2,4,79,71,73,59)
236783
(61,83,67,25,5,81,95,57,19,31), (97,41,82,15,75,27,55,38,93,62), (13,65,39,10,50,45,99,76,3,9), (26,35,63,78,90,30,54,22,33,11), (91,52,77,20,100,60,18,66,6,43), (7,21,70,42,80,72,88,44,85,86), (49,98,28,84,40,36,48,24,51,87), (1,14,69,56,64,96,12,68,58,29), (89,94,74,92,16,32,8,34,17,53), (47,37,23,46,2,4,79,71,73,59)
236721
(61,83,67,25,5,81,95,57,19,31), (97,41,82,15,75,27,55,38,93,62), (13,65,39,10,50,45,99,76,3,9), (26,35,63,78,90,30,54,22,33,11), (91,52,77,20,100,60,18,66,6,43), (7,21,70,42,80,72,24,44,85,86), (49,98,28,84,40,36,48,88,51,87), (1,14,69,56,64,96,12,68,58,29), (89,94,74,92,16,32,8,34,17,53), (47,37,23,46,2,4,79,71,73,59)
236640
(61,83,67,25,5,81,95,57,19,31), (97,41,82,15,75,27,55,38,93,62), (13,65,39,10,50,45,99,76,3,9), (26,35,63,78,90,30,54,22,33,11), (91,52,70,20,100,60,18,66,6,43), (7,21,77,42,80,72,24,44,85,86), (49,98,28,84,40,36,48,88,51,87), (1,14,69,56,64,96,12,68,58,29), (89,94,74,92,16,32,8,34,17,53), (47,37,23,46,2,4,79,71,73,59)
236544
(61,83,67,25,5,81,95,57,19,31), (97,41,82,15,75,27,55,38,93,62), (13,65,39,10,50,45,99,76,3,9), (26,35,63,78,90,30,54,6,33,11), (91,52,70,20,100,60,18,66,22,43), (7,21,77,42,80,72,24,44,85,86), (49,98,28,84,40,36,48,88,51,87), (1,14,69,56,64,96,12,68,58,29), (89,94,74,92,16,32,8,34,17,53), (47,37,23,46,2,4,79,71,73,59)
236483
(61,83,67,25,5,81,95,57,19,31), (97,41,82,15,75,27,55,38,93,62), (13,65,39,10,50,45,99,76,3,9), (26,35,63,78,90,30,54,6,33,11), (91,52,70,20,100,60,18,66,22,43), (7,21,42,77,80,72,24,44,85,86), (49,98,28,84,40,36,48,88,51,87), (1,14,69,56,64,96,12,68,58,29), (89,94,74,92,16,32,8,34,17,53), (47,37,23,46,2,4,79,71,73,59)
236431
(61,83,67,25,5,81,95,57,19,31), (97,41,82,15,75,27,55,38,93,62), (13,65,39,10,50,45,99,76,3,9), (26,35,63,78,90,30,54,6,33,11), (91,52,70,20,100,60,18,66,22,43), (7,21,42,77,80,72,24,44,85,86), (49,98,28,84,40,48,36,88,51,87), (1,14,69,56,64,96,12,68,58,29), (89,94,74,92,16,32,8,34,17,53), (47,37,23,46,2,4,79,71,73,59)
236385
(61,83,67,25,5,81,95,57,19,31), (97,41,82,15,75,27,55,38,93,62), (13,65,39,10,50,45,99,76,3,9), (26,35,63,78,90,30,54,6,33,11), (91,52,70,20,100,60,18,66,22,43), (7,21,42,77,80,72,24,44,85,86), (49,98,28,84,40,48,36,88,51,87), (1,14,69,56,64,96,12,68,58,29), (47,94,74,92,16,32,8,34,17,53), (89,37,23,46,2,4,79,71,73,59)
236349
(61,83,67,25,5,81,95,57,19,31), (97,41,82,15,75,27,55,38,93,62), (13,65,39,10,50,45,6,76,3,9), (26,35,63,78,90,30,54,99,33,11), (91,52,70,20,100,60,18,66,22,43), (7,21,42,77,80,72,24,44,85,86), (49,98,28,84,40,48,36,88,51,87), (1,14,69,56,64,96,12,68,58,29), (47,94,74,92,16,32,8,34,17,53), (89,37,23,46,2,4,79,71,73,59)
236297
(61,83,67,25,5,81,95,57,19,31), (97,41,82,15,75,27,6,38,93,62), (13,65,39,10,50,45,55,76,3,9), (26,35,63,78,90,30,54,99,33,11), (91,52,70,20,100,60,18,66,22,43), (7,21,42,77,80,72,24,44,85,86), (49,98,28,84,40,48,36,88,51,87), (1,14,69,56,64,96,12,68,58,29), (47,94,74,92,16,32,8,34,17,53), (89,37,23,46,2,4,79,71,73,59)
236271
(61,83,67,25,5,81,95,57,19,31), (97,41,82,15,75,6,27,38,93,62), (13,65,39,10,50,45,55,76,3,9), (26,35,63,78,90,30,54,99,33,11), (91,52,70,20,100,60,18,66,22,43), (7,21,42,77,80,72,24,44,85,86), (49,98,28,84,40,48,36,88,51,87), (1,14,69,56,64,96,12,68,58,29), (47,94,74,92,16,32,8,34,17,53), (89,37,23,46,2,4,79,71,73,59)
236241
(61,83,67,25,5,81,95,57,19,31), (97,41,82,15,75,45,27,38,93,62), (13,65,39,10,50,6,55,76,3,9), (26,35,63,78,90,30,54,99,33,11), (91,52,70,20,100,60,18,66,22,43), (7,21,42,77,80,72,24,44,85,86), (49,98,28,84,40,48,36,88,51,87), (1,14,69,56,64,96,12,68,58,29), (47,94,74,92,16,32,8,34,17,53), (89,37,23,46,2,4,79,71,73,59)
236216
(61,83,67,25,5,81,95,57,19,31), (97,41,82,15,75,45,27,38,93,62), (13,65,39,10,50,6,55,76,3,9), (26,35,78,63,90,30,54,99,33,11), (91,52,70,20,100,60,18,66,22,43), (7,21,42,77,80,72,24,44,85,86), (49,98,28,84,40,48,36,88,51,87), (1,14,69,56,64,96,12,68,58,29), (47,94,74,92,16,32,8,34,17,53), (89,37,23,46,2,4,79,71,73,59)
236200
(61,83,67,25,5,81,95,57,19,31), (97,41,82,15,75,45,27,38,93,62), (13,65,39,10,50,6,55,76,3,9), (26,35,78,63,30,90,54,99,33,11), (91,52,70,20,100,60,18,66,22,43), (7,21,42,77,80,72,24,44,85,86), (49,98,28,84,40,48,36,88,51,87), (1,14,69,56,64,96,12,68,58,29), (47,94,74,92,16,32,8,34,17,53), (89,37,23,46,2,4,79,71,73,59)
236184
(61,83,67,25,5,81,95,57,19,31), (97,41,82,15,75,45,27,38,93,62), (13,65,39,10,50,6,55,76,3,9), (26,35,78,63,30,90,54,99,33,11), (91,52,70,20,100,60,18,66,22,43), (7,21,42,77,80,72,24,44,85,86), (49,98,28,84,40,48,36,88,51,87), (1,14,69,56,64,96,12,68,58,29), (47,94,46,92,16,32,8,34,17,53), (89,37,23,74,2,4,79,71,73,59)
236178
(61,83,67,25,5,81,95,57,19,31), (97,41,82,15,75,45,27,38,93,62), (13,65,39,10,50,6,55,76,3,9), (26,35,78,63,30,90,54,99,33,11), (91,52,70,20,100,60,18,66,22,43), (7,21,42,77,80,72,24,44,85,86), (49,98,28,84,40,96,36,88,51,87), (1,14,69,56,64,48,12,68,58,29), (47,94,46,92,16,32,8,34,17,53), (89,37,23,74,2,4,79,71,73,59)
236162
(61,83,67,25,5,81,95,57,19,31), (97,41,82,15,75,45,27,38,93,62), (13,65,39,10,50,6,55,76,3,9), (26,35,78,63,30,90,54,99,33,11), (91,52,70,20,100,60,18,66,22,43), (7,21,42,84,80,72,24,44,85,86), (49,98,28,77,40,96,36,88,51,87), (1,14,69,56,64,48,12,68,58,29), (47,94,46,92,16,32,8,34,17,53), (89,37,23,74,2,4,79,71,73,59)
235962
(29,59,11,33,51,93,34,17,31,83), (87,58,27,81,22,55,15,85,62,47), (9,77,6,99,66,44,45,75,25,94), (3,63,18,54,88,90,30,68,10,5), (21,14,35,72,24,70,60,100,50,74), (7,98,42,84,36,80,40,20,57,37), (49,69,28,12,96,48,65,64,95,19), (97,91,39,56,78,52,8,76,38,79), (61,86,46,92,26,32,16,2,82,53), (43,23,1,73,13,4,71,89,41,67)
235842
(29,59,11,33,51,93,34,17,31,83), (87,58,27,81,22,55,15,85,62,47), (9,77,6,99,66,44,45,75,25,94), (3,63,18,54,88,90,30,68,10,5), (21,14,35,72,24,70,60,100,50,74), (7,98,42,84,36,80,40,20,57,37), (49,69,28,12,96,48,65,64,95,19), (97,91,39,56,78,32,8,76,38,79), (61,86,46,92,26,52,16,2,82,53), (43,23,1,73,13,4,71,89,41,67)
235764
(29,59,11,33,51,93,34,17,31,83), (87,58,27,81,22,55,15,85,62,47), (9,77,6,99,66,44,45,75,25,94), (3,63,18,54,88,90,30,68,10,5), (21,14,35,72,24,70,80,100,50,74), (7,98,42,84,36,60,40,20,57,37), (49,69,28,12,96,48,65,64,95,19), (97,91,39,56,78,32,8,76,38,79), (61,86,46,92,26,52,16,2,82,53), (43,23,1,73,13,4,71,89,41,67)
235678
(29,59,11,33,51,93,34,17,31,83), (87,58,27,81,22,55,15,85,62,47), (9,77,6,99,66,44,45,75,25,94), (3,63,18,54,88,90,30,68,10,5), (21,14,35,72,24,60,80,100,50,74), (7,98,42,84,36,70,40,20,57,37), (49,69,28,12,96,48,65,64,95,19), (97,91,39,56,78,32,8,76,38,79), (61,86,46,92,26,52,16,2,82,53), (43,23,1,73,13,4,71,89,41,67)
235607
(29,59,11,33,51,93,34,17,31,83), (87,58,27,81,22,55,15,85,62,47), (9,77,6,99,66,44,45,75,25,94), (3,63,18,54,88,90,30,68,10,5), (21,14,35,72,24,60,80,100,50,95), (7,98,42,84,36,70,40,20,57,37), (49,69,28,12,96,48,65,64,74,19), (97,91,39,56,78,32,8,76,38,79), (61,86,46,92,26,52,16,2,82,53), (43,23,1,73,13,4,71,89,41,67)
235541
(29,59,11,33,51,93,34,17,31,83), (87,58,27,81,22,55,15,85,62,47), (9,77,6,99,66,44,45,75,25,94), (3,63,18,54,88,90,30,68,10,5), (21,14,35,72,24,60,80,100,50,95), (7,98,42,84,36,70,40,20,57,37), (49,69,28,12,96,48,65,64,74,19), (97,91,39,56,78,32,8,76,38,79), (61,86,46,92,26,52,16,2,82,53), (43,1,23,73,13,4,71,89,41,67)
235476
(29,59,11,33,51,93,34,17,31,83), (87,58,27,81,22,55,15,85,62,47), (9,77,6,99,66,44,45,75,25,94), (3,63,18,54,88,90,30,68,10,5), (21,14,35,72,24,60,80,100,50,95), (7,98,42,84,36,70,40,20,57,37), (49,69,28,12,96,48,65,76,74,19), (97,91,39,56,78,32,8,64,38,79), (61,86,46,92,26,52,16,2,82,53), (43,1,23,73,13,4,71,89,41,67)
235348
(29,59,11,33,51,93,34,17,31,83), (87,58,27,81,22,55,15,85,62,47), (9,77,6,99,66,44,45,75,25,94), (3,63,18,54,88,90,30,68,10,5), (21,14,35,72,24,60,80,100,50,95), (7,98,42,84,36,70,40,20,57,37), (49,69,28,12,96,48,65,76,74,19), (97,91,39,56,78,32,64,8,38,79), (61,86,46,92,26,52,16,2,82,53), (43,1,23,73,13,4,71,89,41,67)
235277
(29,59,11,33,51,93,34,17,31,83), (87,58,27,81,22,55,15,85,62,47), (9,77,6,99,66,44,45,75,25,94), (3,63,18,54,88,90,30,68,10,5), (21,14,35,72,24,60,80,100,50,95), (7,98,42,84,36,70,40,20,57,37), (49,69,28,12,96,48,65,76,38,19), (97,91,39,56,78,32,64,8,74,79), (61,86,46,92,26,52,16,2,82,53), (43,1,23,73,13,4,71,89,41,67)
235133
(29,59,11,33,51,93,34,17,31,83), (87,58,27,81,22,55,15,85,62,47), (9,77,6,99,66,44,45,75,25,94), (3,63,18,54,88,90,30,68,10,5), (21,14,35,72,24,60,80,100,50,95), (7,98,42,84,36,70,40,20,57,19), (49,69,28,12,96,48,65,76,38,37), (97,91,39,56,78,32,64,8,74,79), (61,86,46,92,26,52,16,2,82,53), (43,1,23,73,13,4,71,89,41,67)
235077
(29,59,11,33,51,93,34,17,31,83), (87,58,27,81,22,55,15,85,62,47), (9,77,6,99,66,44,45,75,25,94), (3,63,18,54,88,90,30,68,10,5), (21,14,35,24,72,60,80,100,50,95), (7,98,42,84,36,70,40,20,57,19), (49,69,28,12,96,48,65,76,38,37), (97,91,39,56,78,32,64,8,74,79), (61,86,46,92,26,52,16,2,82,53), (43,1,23,73,13,4,71,89,41,67)
235029
(29,59,11,33,51,93,34,17,31,83), (87,58,27,81,22,55,15,85,62,47), (9,77,6,99,66,44,45,75,25,94), (3,63,18,54,88,90,30,68,10,5), (21,14,35,24,72,60,80,100,50,95), (7,98,42,84,36,70,40,20,57,19), (49,69,28,78,96,48,65,76,38,37), (97,91,39,56,12,32,64,8,74,79), (61,86,46,92,26,52,16,2,82,53), (43,1,23,73,13,4,71,89,41,67)
234982
(29,59,11,33,51,93,62,17,31,83), (87,58,27,81,22,55,15,85,34,47), (9,77,6,99,66,44,45,75,25,94), (3,63,18,54,88,90,30,68,10,5), (21,14,35,24,72,60,80,100,50,95), (7,98,42,84,36,70,40,20,57,19), (49,69,28,78,96,48,65,76,38,37), (97,91,39,56,12,32,64,8,74,79), (61,86,46,92,26,52,16,2,82,53), (43,1,23,73,13,4,71,89,41,67)
234870
(29,59,11,33,51,93,62,31,17,83), (87,58,27,81,22,55,15,85,34,47), (9,77,6,99,66,44,45,75,25,94), (3,63,18,54,88,90,30,68,10,5), (21,14,35,24,72,60,80,100,50,95), (7,98,42,84,36,70,40,20,57,19), (49,69,28,78,96,48,65,76,38,37), (97,91,39,56,12,32,64,8,74,79), (61,86,46,92,26,52,16,2,82,53), (43,1,23,73,13,4,71,89,41,67)
234726
(29,59,11,33,93,51,62,31,17,83), (87,58,27,81,22,55,15,85,34,47), (9,77,6,99,66,44,45,75,25,94), (3,63,18,54,88,90,30,68,10,5), (21,14,35,24,72,60,80,100,50,95), (7,98,42,84,36,70,40,20,57,19), (49,69,28,78,96,48,65,76,38,37), (97,91,39,56,12,32,64,8,74,79), (61,86,46,92,26,52,16,2,82,53), (43,1,23,73,13,4,71,89,41,67)
234626
(29,59,11,33,93,51,62,31,17,83), (87,58,27,81,22,55,15,34,85,47), (9,77,6,99,66,44,45,75,25,94), (3,63,18,54,88,90,30,68,10,5), (21,14,35,24,72,60,80,100,50,95), (7,98,42,84,36,70,40,20,57,19), (49,69,28,78,96,48,65,76,38,37), (97,91,39,56,12,32,64,8,74,79), (61,86,46,92,26,52,16,2,82,53), (43,1,23,73,13,4,71,89,41,67)
234579
(29,59,11,33,93,62,51,31,17,83), (87,58,27,81,22,55,15,34,85,47), (9,77,6,99,66,44,45,75,25,94), (3,63,18,54,88,90,30,68,10,5), (21,14,35,24,72,60,80,100,50,95), (7,98,42,84,36,70,40,20,57,19), (49,69,28,78,96,48,65,76,38,37), (97,91,39,56,12,32,64,8,74,79), (61,86,46,92,26,52,16,2,82,53), (43,1,23,73,13,4,71,89,41,67)
234537
(29,59,11,33,93,62,51,31,17,83), (87,58,27,81,22,55,15,34,85,47), (9,77,6,99,66,44,45,75,25,94), (3,63,18,54,88,90,30,68,10,5), (21,14,35,24,72,60,80,100,50,95), (7,98,42,84,36,70,40,20,57,19), (49,69,28,78,96,48,65,76,38,37), (97,91,39,56,12,32,64,8,74,79), (43,86,46,92,26,52,16,2,82,53), (61,1,23,73,13,4,71,89,41,67)
234501
(29,59,11,33,93,62,51,31,17,83), (87,58,27,81,22,55,15,34,85,47), (9,77,6,99,66,44,45,75,25,94), (3,63,18,54,88,90,30,68,10,5), (21,14,35,24,72,60,80,100,50,95), (7,98,42,84,36,70,40,20,57,19), (49,69,28,78,96,48,65,76,38,79), (97,91,39,56,12,32,64,8,74,37), (43,86,46,92,26,52,16,2,82,53), (61,1,23,73,13,4,71,89,41,67)
234469
(29,59,11,33,93,62,51,31,17,83), (87,58,27,81,22,55,15,34,85,47), (9,77,6,99,66,44,45,75,25,94), (3,63,18,54,88,90,30,68,10,5), (21,14,35,24,72,60,80,100,50,95), (7,98,42,84,36,70,40,20,57,19), (49,69,28,56,96,48,65,76,38,79), (97,91,39,78,12,32,64,8,74,37), (43,86,46,92,26,52,16,2,82,53), (61,1,23,73,13,4,71,89,41,67)
234445
(29,59,11,33,93,62,51,31,17,83), (87,58,27,81,22,55,15,34,85,47), (9,77,6,99,66,44,45,75,25,94), (3,63,18,54,88,90,30,68,10,5), (21,14,35,24,72,60,80,100,50,95), (7,98,42,84,36,70,40,20,57,19), (49,69,28,56,96,48,32,76,38,79), (97,91,39,78,12,65,64,8,74,37), (43,86,46,92,26,52,16,2,82,53), (61,1,23,73,13,4,71,89,41,67)
234419
(29,59,11,33,93,62,51,31,17,83), (87,58,27,81,22,55,15,34,85,47), (9,77,6,99,66,44,45,75,25,94), (3,63,18,54,88,90,30,68,10,5), (21,14,35,24,72,60,80,100,50,95), (7,98,42,84,96,70,40,20,57,19), (49,69,28,56,36,48,32,76,38,79), (97,91,39,78,12,65,64,8,74,37), (43,86,46,92,26,52,16,2,82,53), (61,1,23,73,13,4,71,89,41,67)
234395
(29,59,11,33,93,62,51,31,17,83), (87,58,27,81,22,55,15,34,85,47), (9,77,6,99,66,44,45,75,25,94), (3,63,18,54,88,90,30,68,10,5), (21,14,35,24,72,60,80,100,50,95), (7,98,42,84,96,70,40,20,57,19), (49,69,28,56,36,48,32,76,38,79), (97,91,39,78,12,65,64,8,74,37), (43,86,46,92,26,52,16,2,82,53), (61,1,23,13,73,4,71,89,41,67)
234379
(29,59,11,33,93,62,51,31,17,83), (87,58,27,99,22,55,15,34,85,47), (9,77,6,81,66,44,45,75,25,94), (3,63,18,54,88,90,30,68,10,5), (21,14,35,24,72,60,80,100,50,95), (7,98,42,84,96,70,40,20,57,19), (49,69,28,56,36,48,32,76,38,79), (97,91,39,78,12,65,64,8,74,37), (43,86,46,92,26,52,16,2,82,53), (61,1,23,13,73,4,71,89,41,67)
234269
(29,59,11,33,93,62,51,31,17,83), (87,58,27,99,22,55,15,34,85,47), (9,77,81,6,66,44,45,75,25,94), (3,63,18,54,88,90,30,68,10,5), (21,14,35,24,72,60,80,100,50,95), (7,98,42,84,96,70,40,20,57,19), (49,69,28,56,36,48,32,76,38,79), (97,91,39,78,12,65,64,8,74,37), (43,86,46,92,26,52,16,2,82,53), (61,1,23,13,73,4,71,89,41,67)
234257
(29,87,11,33,93,62,51,31,17,83), (59,58,27,99,22,55,15,34,85,47), (9,77,81,6,66,44,45,75,25,94), (3,63,18,54,88,90,30,68,10,5), (21,14,35,24,72,60,80,100,50,95), (7,98,42,84,96,70,40,20,57,19), (49,69,28,56,36,48,32,76,38,79), (97,91,39,78,12,65,64,8,74,37), (43,86,46,92,26,52,16,2,82,53), (61,1,23,13,73,4,71,89,41,67)
234235
(71,47,11,77,14,7,49,86,43,97), (1,94,22,33,28,98,21,63,91,13), (29,4,44,56,55,99,52,35,26,39), (58,87,88,24,66,84,42,78,27,65), (8,64,12,48,96,72,70,54,81,3), (2,32,6,36,80,60,90,18,45,9), (74,92,16,40,100,20,30,75,15,5), (37,46,69,76,68,50,10,51,25,59), (61,23,38,57,95,34,93,85,82,41), (79,83,53,19,62,31,17,67,89,73)
234187
(71,47,11,77,14,7,49,86,43,97), (1,94,22,33,28,98,21,63,91,13), (29,4,44,56,55,99,52,35,26,39), (58,87,88,66,24,84,42,78,27,65), (8,64,12,48,96,72,70,54,81,3), (2,32,6,36,80,60,90,18,45,9), (74,92,16,40,100,20,30,75,15,5), (37,46,69,76,68,50,10,51,25,59), (61,23,38,57,95,34,93,85,82,41), (79,83,53,19,62,31,17,67,89,73)
234152
(71,47,11,77,14,7,49,86,43,97), (1,94,22,33,28,98,21,63,91,13), (29,4,44,56,55,99,52,35,26,39), (58,87,88,66,24,84,42,78,27,65), (8,64,12,48,96,72,70,54,81,3), (2,32,6,36,80,60,90,18,45,9), (74,92,16,40,20,100,30,75,15,5), (37,46,69,76,68,50,10,51,25,59), (61,23,38,57,95,34,93,85,82,41), (79,83,53,19,62,31,17,67,89,73)
234140
(71,47,11,77,14,7,49,86,43,97), (1,94,22,33,28,98,21,63,91,13), (29,4,44,56,55,99,52,35,26,39), (58,87,88,66,24,84,42,78,27,65), (8,64,12,48,96,72,70,54,81,3), (2,32,6,36,80,60,90,18,45,9), (74,92,16,40,20,100,30,75,15,5), (37,46,69,76,68,50,10,51,25,59), (61,23,38,57,95,93,34,85,82,41), (79,83,53,19,62,31,17,67,89,73)
234130
(71,47,11,77,14,7,49,86,43,97), (1,94,22,33,28,98,21,63,91,13), (29,8,44,56,55,99,52,35,26,39), (58,87,88,66,24,84,42,78,27,65), (4,64,12,48,96,72,70,54,81,3), (2,32,6,36,80,60,90,18,45,9), (74,92,16,40,20,100,30,75,15,5), (37,46,69,76,68,50,10,51,25,59), (61,23,38,57,95,93,34,85,82,41), (79,83,53,19,62,31,17,67,89,73)
233999
(71,47,11,77,14,7,49,86,43,97), (1,94,22,33,28,98,21,63,91,13), (29,87,44,56,55,99,52,35,26,39), (58,8,88,66,24,84,42,78,27,65), (4,64,12,48,96,72,70,54,81,3), (2,32,6,36,80,60,90,18,45,9), (74,92,16,40,20,100,30,75,15,5), (37,46,69,76,68,50,10,51,25,59), (61,23,38,57,95,93,34,85,82,41), (79,83,53,19,62,31,17,67,89,73)
233991
(71,47,11,77,14,7,49,86,43,97), (1,94,22,33,28,98,21,63,91,13), (29,87,44,56,55,99,52,35,26,39), (58,8,88,66,24,84,42,78,27,65), (4,64,12,48,96,72,70,54,81,3), (2,16,6,36,80,60,90,18,45,9), (74,92,32,40,20,100,30,75,15,5), (37,46,69,76,68,50,10,51,25,59), (61,23,38,57,95,93,34,85,82,41), (79,83,53,19,62,31,17,67,89,73)
233906
(71,47,11,77,14,7,49,86,43,97), (1,94,22,33,28,98,21,63,91,13), (29,87,44,56,55,99,52,35,26,39), (58,8,88,66,24,84,42,78,27,65), (4,64,12,48,96,72,70,54,81,3), (2,16,32,36,80,60,90,18,45,9), (74,92,6,40,20,100,30,75,15,5), (37,46,69,76,68,50,10,51,25,59), (61,23,38,57,95,93,34,85,82,41), (79,83,53,19,62,31,17,67,89,73)
233894
(71,47,11,77,14,7,49,86,43,97), (1,94,22,33,28,98,21,63,91,13), (29,87,44,56,55,99,52,35,26,39), (58,8,88,66,24,84,42,78,27,65), (4,64,32,48,96,72,70,54,81,3), (2,16,12,36,80,60,90,18,45,9), (74,92,6,40,20,100,30,75,15,5), (37,46,69,76,68,50,10,51,25,59), (61,23,38,57,95,93,34,85,82,41), (79,83,53,19,62,31,17,67,89,73)