
Starting
2309484
(117,136,151,110,93,6,149,32,95,72,83,129,48), (53,157,63,139,31,126,82,38,18,130,22,74,39), (105,88,109,119,13,132,154,62,142,54,85,158,29), (21,113,114,43,99,75,167,86,77,4,35,41,60), (24,131,7,138,33,103,11,65,42,27,57,67,47), (44,14,120,108,1,125,52,37,116,91,94,153,55), (102,122,79,28,20,23,141,165,146,12,45,161,134), (152,137,145,84,46,140,115,90,70,87,163,97,118), (64,89,2,36,78,168,107,80,143,123,69,133,156), (169,26,96,121,34,104,155,71,5,112,3,10,17), (73,51,111,100,76,159,49,50,124,127,19,59,98), (164,30,66,135,9,162,128,160,106,81,16,15,25), (68,148,40,8,101,144,56,147,58,61,92,166,150)
2249548
(117,136,151,110,93,6,149,32,95,72,83,129,79), (53,157,63,139,31,126,82,38,18,130,22,74,39), (105,88,109,119,13,132,154,62,142,54,85,158,29), (21,113,114,43,99,75,167,86,77,4,35,41,60), (24,131,7,138,33,103,11,65,42,27,57,67,47), (44,14,120,108,1,125,52,37,116,91,94,153,55), (102,122,48,28,20,23,141,165,146,12,45,161,134), (152,137,145,84,46,140,115,90,70,87,163,97,118), (64,89,2,36,78,168,107,80,143,123,69,133,156), (169,26,96,121,34,104,155,71,5,112,3,10,17), (73,51,111,100,76,159,49,50,124,127,19,59,98), (164,30,66,135,9,162,128,160,106,81,16,15,25), (68,148,40,8,101,144,56,147,58,61,92,166,150)
Starting
2261586
(24,5,72,71,88,70,152,89,131,25,28,166,18), (116,97,142,127,121,156,83,151,95,138,106,29,113), (62,86,32,90,14,102,17,8,21,9,154,41,130), (94,84,75,30,55,139,57,27,33,59,50,111,11), (109,133,164,112,162,63,146,108,128,77,39,122,115), (58,143,98,104,100,149,34,53,141,144,26,123,78), (158,161,91,37,45,67,6,159,20,119,81,85,74), (12,3,2,140,160,65,110,10,103,73,66,52,125), (7,168,15,60,43,169,96,46,1,61,107,163,105), (54,4,44,150,87,114,19,124,80,120,38,48,36), (22,147,64,135,56,137,153,51,136,79,35,23,148), (157,117,68,134,118,49,165,126,145,40,69,16,93), (167,82,155,101,132,99,47,42,13,31,129,76,92)
2223408
(24,5,72,71,88,70,152,89,131,25,28,166,18), (116,97,142,127,121,156,83,151,95,138,106,29,113), (62,86,32,90,14,102,17,8,21,9,154,41,130), (94,84,75,30,55,139,57,27,33,59,50,111,11), (109,133,164,112,162,63,146,108,128,77,39,122,115), (58,143,98,104,100,149,34,53,141,144,26,123,78), (158,161,91,37,45,67,6,159,20,119,81,85,74), (12,3,2,140,160,65,110,10,103,73,66,52,125), (7,168,15,60,43,169,96,46,1,61,107,163,105), (54,4,44,150,87,114,19,124,80,120,38,48,36), (22,147,64,135,56,137,153,51,136,79,35,23,148), (157,117,68,134,118,49,165,126,145,40,69,16,93), (167,82,155,101,132,99,47,42,13,31,129,76,92)
Starting
2265262
(92,10,95,58,133,9,164,141,147,30,46,68,23), (168,31,121,94,47,122,137,103,108,6,91,2,44), (163,82,127,167,79,116,130,101,169,74,139,73,59), (20,43,26,29,104,13,90,83,81,118,161,97,19), (99,69,87,63,33,11,132,158,162,18,105,41,72), (14,21,77,45,114,152,106,126,156,38,89,85,61), (40,65,48,157,123,134,35,88,3,37,119,153,124), (138,34,113,39,52,98,96,25,80,4,27,28,24), (112,154,128,131,62,53,110,109,57,5,117,146,165), (78,140,66,17,150,1,115,107,60,129,148,71,143), (8,142,111,155,67,84,55,100,149,93,86,22,51), (76,15,7,135,75,12,70,160,145,166,151,102,50), (49,56,159,36,64,54,120,125,144,136,16,42,32)
2196956
(92,10,95,58,133,9,164,141,147,30,46,68,23), (168,31,121,94,47,122,137,103,108,6,91,2,44), (163,82,127,167,79,116,130,101,169,74,139,73,59), (20,43,26,29,104,13,90,83,81,118,161,97,19), (99,69,87,63,33,11,132,158,162,18,105,41,72), (14,21,77,45,114,152,106,126,156,38,89,85,61), (40,65,48,157,123,134,35,88,3,37,119,153,124), (138,34,113,39,52,98,96,25,80,4,27,28,24), (112,154,128,131,62,53,110,109,57,5,117,146,165), (78,140,66,17,150,1,115,107,60,129,148,71,143), (8,142,111,155,67,84,55,100,149,93,86,22,51), (76,15,7,135,75,12,70,160,145,166,151,102,50), (49,56,159,36,64,54,120,125,144,136,16,42,32)
Starting
2348763
(59,54,28,117,140,119,53,25,144,86,143,49,7), (68,139,38,132,9,70,51,31,97,153,4,104,3), (1,72,101,11,67,84,74,78,159,2,96,24,162), (33,135,141,26,99,127,81,133,168,18,69,91,85), (41,120,37,5,131,50,77,61,55,118,15,110,62), (82,27,152,167,147,45,156,76,137,116,79,160,113), (36,107,17,129,20,56,46,121,124,32,158,89,80), (95,88,108,35,75,169,29,115,106,155,125,166,23), (42,64,34,130,151,30,123,102,128,146,100,43,19), (136,39,63,154,111,83,94,93,21,44,52,58,145), (14,48,22,163,65,134,148,73,103,6,164,114,60), (66,150,16,13,8,165,90,126,149,87,161,109,10), (40,105,112,138,122,142,47,157,71,12,57,98,92)
2303256
(59,54,28,117,140,119,53,25,144,86,143,49,7), (68,139,38,132,9,70,51,31,97,153,4,104,3), (1,72,101,11,67,84,74,78,159,2,96,24,162), (33,135,141,26,99,127,81,133,168,18,69,91,85), (41,120,37,5,131,50,77,61,55,118,15,110,62), (82,27,152,167,147,45,156,76,137,116,79,160,113), (36,107,17,129,20,56,46,121,124,32,158,89,80), (95,88,108,35,75,169,29,115,106,155,125,166,23), (42,64,34,130,151,30,123,102,128,146,100,43,19), (136,39,63,154,111,83,94,93,21,44,52,58,145), (14,48,22,163,65,134,148,73,103,6,164,114,60), (66,150,16,13,8,165,90,126,149,87,161,109,10), (40,105,112,138,122,142,47,157,71,12,57,98,92)
Starting
2227908
(68,8,25,143,28,136,16,70,107,38,11,159,164), (154,61,153,116,84,133,66,90,20,50,57,167,113), (123,37,7,21,58,48,41,93,39,160,26,54,3), (75,85,79,77,117,144,126,62,30,1,156,120,14), (92,98,63,9,97,134,148,125,18,147,2,60,157), (86,163,53,124,87,100,109,168,142,36,145,137,29), (118,131,110,65,135,132,78,19,34,17,91,46,140), (89,101,129,74,115,67,76,47,72,130,150,49,69), (152,102,45,5,127,10,112,23,64,162,149,55,81), (33,169,44,6,56,42,15,161,12,31,4,146,95), (165,104,24,43,106,103,99,151,13,166,122,73,114), (119,155,71,35,128,105,22,138,108,141,82,121,139), (59,27,51,83,111,88,158,40,94,32,96,52,80)
2185398
(68,8,25,143,28,136,16,70,107,38,11,159,164), (154,61,153,116,84,133,66,90,20,50,57,167,113), (123,37,7,21,58,48,41,93,39,160,26,54,3), (75,85,79,77,117,144,126,62,30,1,156,120,14), (92,98,63,9,97,134,148,125,18,147,2,60,157), (86,163,53,124,87,100,109,168,142,36,145,137,29), (118,131,110,65,135,132,78,19,34,17,91,46,140), (89,101,129,74,115,67,76,47,72,130,150,49,69), (152,102,45,5,127,10,112,23,64,162,149,55,81), (33,169,44,6,56,42,15,161,12,31,4,146,95), (165,104,24,43,106,103,99,151,13,166,122,73,114), (119,155,71,35,128,105,22,138,108,141,82,121,139), (59,27,51,83,111,88,158,40,94,32,96,52,80)
Starting
2259827
(114,118,144,145,16,115,137,32,107,4,148,133,53), (31,130,105,50,124,54,97,48,111,17,40,167,64), (14,71,154,80,74,35,44,62,10,76,166,24,86), (29,156,90,140,57,8,46,106,36,110,147,25,127), (30,61,102,33,1,18,39,84,116,42,2,7,131), (79,88,45,122,78,108,125,129,136,93,101,22,89), (15,73,12,85,135,113,159,139,81,120,87,109,68), (92,112,27,152,99,21,37,162,94,69,23,96,63), (38,168,82,91,58,5,160,72,100,157,121,66,150), (134,20,126,128,34,56,151,70,158,155,138,65,98), (117,75,52,132,149,83,119,103,41,163,143,146,60), (13,169,11,55,77,9,67,6,141,123,19,164,142), (153,51,47,165,59,43,161,3,28,104,49,26,95)
2211730
(114,118,144,145,16,115,137,32,107,4,148,133,53), (31,130,105,50,124,54,97,48,111,17,40,167,64), (14,71,154,80,74,35,44,62,10,76,166,24,86), (29,156,90,140,57,8,46,106,36,110,147,25,127), (30,61,102,33,1,18,39,84,116,42,2,7,131), (79,88,45,122,78,108,125,129,136,93,101,22,89), (15,73,12,85,135,113,159,139,81,120,87,109,68), (92,112,27,152,99,21,37,162,94,69,23,96,63), (38,168,82,91,58,5,160,72,100,157,121,66,150), (134,20,126,128,34,56,151,70,158,155,138,65,98), (117,75,52,132,149,83,119,103,41,163,143,146,60), (13,169,11,55,77,9,67,6,141,123,19,164,142), (153,51,47,165,59,43,161,3,28,104,49,26,95)
Starting
2269235
(129,37,65,105,7,72,128,166,163,20,167,100,1), (142,114,21,89,126,81,106,139,157,148,90,84,113), (33,28,125,97,62,10,66,112,140,43,34,133,41), (8,64,162,158,19,120,60,149,145,122,12,88,71), (67,123,61,5,141,13,127,103,17,29,23,152,135), (94,110,32,144,3,57,14,35,107,160,80,115,2), (156,104,111,79,36,118,39,26,47,48,87,49,51), (137,74,31,92,58,45,68,82,132,159,30,83,150), (59,117,155,42,146,154,168,54,130,18,16,50,153), (134,85,15,77,131,116,136,138,169,6,73,78,11), (91,101,46,75,56,98,53,27,52,143,24,4,70), (121,76,161,96,22,109,38,69,55,147,119,151,102), (99,93,25,95,108,124,9,63,44,40,165,164,86)
2229995
(129,37,65,105,7,72,128,166,163,20,167,100,1), (142,114,21,89,126,81,106,139,157,148,90,84,113), (33,28,125,97,62,10,66,112,140,43,34,133,41), (8,64,162,158,19,120,60,149,145,122,12,88,71), (67,123,61,5,141,13,127,103,17,29,23,152,135), (94,110,32,144,3,57,14,35,107,160,80,115,2), (156,104,111,79,36,118,39,26,47,48,87,49,51), (137,74,31,92,58,45,68,82,132,159,30,83,150), (59,117,155,42,146,154,168,54,130,18,16,50,153), (134,85,15,77,131,116,136,138,169,6,73,78,11), (91,101,46,75,56,98,53,27,52,143,24,4,70), (121,76,161,96,22,109,38,69,55,147,119,151,102), (99,93,25,95,108,124,9,63,44,40,165,164,86)
Starting
2369575
(82,101,103,100,70,14,112,12,122,86,119,138,44), (9,169,132,160,57,113,159,38,106,142,152,15,116), (99,168,143,102,140,108,30,144,95,111,148,90,115), (19,37,104,83,39,68,137,94,31,43,136,158,61), (147,81,126,133,128,118,36,55,20,26,139,42,131), (32,60,76,164,130,27,145,84,93,156,21,56,165), (105,89,114,146,134,96,109,85,107,157,28,54,120), (2,91,8,33,13,10,50,135,155,49,1,58,78), (141,16,4,66,17,62,149,40,127,64,123,162,59), (74,5,110,161,71,25,46,63,6,7,51,117,92), (121,98,80,11,41,23,129,3,77,153,73,53,45), (124,29,97,167,72,34,22,125,163,88,24,67,47), (154,48,65,150,151,166,52,69,87,79,35,18,75)
2327480
(82,101,103,100,70,14,112,12,122,86,119,138,44), (9,169,132,160,57,113,159,38,106,142,152,15,116), (99,168,143,102,140,108,30,144,95,111,148,90,115), (19,37,104,83,39,68,137,94,31,43,136,158,61), (147,81,126,133,128,118,36,55,20,26,139,42,131), (32,60,76,164,130,27,145,84,93,156,21,56,165), (105,89,114,146,134,96,109,85,107,157,28,54,120), (2,91,8,33,13,10,50,135,155,49,1,58,78), (141,16,4,66,17,62,149,40,127,64,123,162,59), (74,5,110,161,71,25,46,63,6,7,51,117,92), (121,98,80,11,41,23,129,3,77,153,73,53,45), (124,29,97,167,72,34,22,125,163,88,24,67,47), (154,48,65,150,151,166,52,69,87,79,35,18,75)
Starting
2361076
(131,98,166,39,29,63,40,118,43,5,65,24,51), (36,128,161,64,117,66,44,148,111,112,165,42,134), (154,57,127,144,168,13,121,32,10,55,6,75,50), (139,101,41,4,142,113,145,129,77,99,9,18,103), (158,81,149,93,38,26,34,126,21,122,96,88,33), (45,60,47,106,23,61,169,37,155,30,56,68,104), (123,3,14,71,163,85,31,120,109,48,76,147,46), (153,82,110,167,146,11,1,97,2,125,89,28,143), (150,102,115,140,119,132,72,69,151,67,8,86,152), (16,54,94,7,114,91,138,74,107,87,116,84,79), (49,90,22,17,100,52,136,15,25,58,12,160,70), (137,53,108,135,83,62,35,95,130,19,27,105,156), (164,162,73,141,124,80,59,78,157,159,92,20,133)
2322108
(131,98,166,39,29,63,40,118,43,5,65,24,51), (36,128,161,64,117,66,44,148,111,112,165,42,134), (154,57,127,144,168,13,121,32,10,55,6,75,50), (139,101,41,4,142,113,145,129,77,99,9,18,103), (158,81,149,93,38,26,34,126,21,122,96,88,33), (45,60,47,106,23,61,169,37,155,30,56,68,104), (123,3,14,71,163,85,31,120,109,48,76,147,46), (153,82,110,167,146,11,1,97,2,125,89,28,143), (150,102,115,140,119,132,72,69,151,67,8,86,152), (16,54,94,7,114,91,138,74,107,87,116,84,79), (49,90,22,17,100,52,136,15,25,58,12,160,70), (137,53,108,135,83,62,35,95,130,19,27,105,156), (164,162,73,141,124,80,59,78,157,159,92,20,133)
Starting
2320050
(19,42,23,129,112,157,113,56,1,79,105,47,116), (76,81,49,65,67,50,32,101,122,66,103,51,75), (59,164,52,97,20,153,127,138,35,150,87,144,53), (64,7,142,61,124,141,14,99,40,83,162,128,57), (34,70,109,48,107,36,151,27,131,88,119,146,156), (77,152,125,37,90,136,21,29,120,33,123,167,43), (104,143,60,9,100,17,91,158,117,86,3,106,159), (72,69,55,44,130,68,8,121,73,154,98,95,84), (102,80,108,166,89,114,126,12,2,22,62,18,15), (165,168,63,71,111,25,24,5,161,46,13,16,11), (41,134,137,54,78,94,140,160,139,115,93,118,133), (39,26,132,28,30,149,169,163,58,96,155,85,31), (74,148,147,82,6,110,4,38,135,92,45,145,10)
2273202
(19,42,23,129,112,157,113,56,1,79,105,47,116), (76,81,49,65,67,50,32,101,122,66,103,51,75), (59,164,52,97,20,153,127,138,35,150,87,144,53), (64,7,142,61,124,141,14,99,40,83,162,128,57), (34,70,109,48,107,36,151,27,131,88,119,146,156), (77,152,125,37,90,136,21,29,120,33,123,167,43), (104,143,60,9,100,17,91,158,117,86,3,106,159), (72,69,55,44,130,68,8,121,73,154,98,95,84), (102,80,108,166,89,114,126,12,2,22,62,18,15), (165,168,63,71,111,25,24,5,161,46,13,16,11), (41,134,137,54,78,94,140,160,139,115,93,118,133), (39,26,132,28,30,149,169,163,58,96,155,85,31), (74,148,147,82,6,110,4,38,135,92,45,145,10)
Starting
2391629
(134,66,154,28,132,126,139,46,118,85,96,155,137), (169,147,104,34,107,71,133,11,84,19,151,105,129), (20,93,67,47,124,87,144,59,168,36,135,131,63), (32,99,92,117,81,116,7,17,112,166,37,130,150), (145,38,43,98,75,82,79,5,102,45,70,3,13), (51,65,143,49,103,6,165,136,97,18,127,106,160), (68,119,24,25,4,10,157,44,2,91,52,142,56), (138,141,111,29,109,88,50,153,74,55,9,77,48), (120,121,149,86,31,164,1,114,69,8,62,35,110), (60,146,115,27,30,39,23,57,108,148,42,83,12), (15,123,163,33,89,95,122,140,101,73,94,61,125), (14,22,113,41,167,58,90,158,159,54,162,156,80), (64,152,128,21,161,78,16,40,26,100,76,72,53)
2347788
(134,66,154,28,132,126,139,46,118,85,96,155,137), (169,147,104,34,107,71,133,11,84,19,151,105,129), (20,93,67,47,124,87,144,59,168,36,135,131,63), (32,99,92,117,81,116,7,17,112,166,37,130,150), (145,38,43,98,75,82,79,5,102,45,70,3,13), (51,65,143,49,103,6,165,136,97,18,127,106,160), (68,119,24,25,4,10,157,44,2,91,52,142,56), (138,141,111,29,109,88,50,153,74,55,9,77,48), (120,121,149,86,31,164,1,114,69,8,62,35,110), (60,146,115,27,30,39,23,57,108,148,42,83,12), (15,123,163,33,89,95,122,140,101,73,94,61,125), (14,22,113,41,167,58,90,158,159,54,162,156,80), (64,152,128,21,161,78,16,40,26,100,76,72,53)
Starting
2259577
(74,46,108,73,36,96,49,54,169,22,29,66,76), (31,61,87,151,107,168,12,59,109,164,92,145,97), (32,58,135,77,148,134,43,111,117,52,9,141,160), (156,106,41,130,162,33,84,100,136,104,112,149,1), (123,119,47,138,131,19,30,124,71,167,132,50,42), (118,91,103,114,102,81,6,57,165,98,79,7,113), (17,70,16,83,23,80,39,140,78,48,65,129,90), (163,5,128,137,72,14,25,37,150,159,122,154,60), (24,94,116,20,166,82,155,120,142,139,56,99,38), (93,27,67,95,26,2,35,62,28,85,8,143,64), (147,110,75,34,101,44,105,133,13,126,68,18,125), (161,115,21,127,53,11,153,55,152,63,86,144,69), (121,15,40,10,45,157,88,146,89,51,4,3,158)
2213593
(74,46,108,73,36,96,49,54,169,22,29,66,76), (31,61,87,151,107,168,12,59,109,164,92,145,97), (32,58,135,77,148,134,43,111,117,52,9,141,160), (156,106,41,130,162,33,84,100,136,104,112,149,1), (123,119,47,138,131,19,30,124,71,167,132,50,42), (118,91,103,114,102,81,6,57,165,98,79,7,113), (17,70,16,83,23,80,39,140,78,48,65,129,90), (163,5,128,137,72,14,25,37,150,159,122,154,60), (24,94,116,20,166,82,155,120,142,139,56,99,38), (93,27,67,95,26,2,35,62,28,85,8,143,64), (147,110,75,34,101,44,105,133,13,126,68,18,125), (161,115,21,127,53,11,153,55,152,63,86,144,69), (121,15,40,10,45,157,88,146,89,51,4,3,158)
Starting
2329488
(43,49,33,56,50,116,104,29,103,108,54,65,64), (60,68,38,166,7,143,23,160,123,145,18,2,161), (92,152,117,147,35,45,5,111,71,129,16,9,165), (11,155,149,67,150,58,13,106,127,59,31,69,138), (42,48,107,32,40,121,76,24,14,3,144,12,1), (4,74,130,30,120,159,44,20,139,70,151,22,26), (36,57,27,84,19,113,156,6,154,77,82,163,148), (125,99,109,53,66,85,21,28,124,52,132,112,97), (75,79,88,80,153,168,162,134,17,140,89,93,100), (62,73,51,136,119,131,61,83,133,167,47,34,157), (8,39,81,169,105,135,55,87,102,46,25,122,118), (115,10,114,137,101,164,86,94,63,110,128,90,126), (158,95,98,141,72,146,78,15,41,91,37,96,142)
Starting
2199013
(16,157,127,164,167,17,160,134,137,122,74,97,70), (115,107,37,20,138,105,145,45,72,53,121,163,46), (80,8,57,165,33,108,83,146,89,126,140,150,123), (9,135,166,92,90,12,66,18,141,52,109,113,43), (77,111,100,162,47,15,28,76,102,125,22,32,65), (131,128,48,24,119,11,148,93,168,2,152,151,67), (139,78,71,63,144,3,59,49,61,161,114,154,149), (13,51,133,14,62,132,112,110,143,55,38,44,124), (118,82,86,116,35,39,36,26,69,129,99,88,68), (4,117,29,19,1,34,156,5,21,50,85,147,106), (159,130,104,42,79,54,142,84,95,56,87,64,153), (23,58,41,75,120,94,81,60,169,155,27,30,101), (7,40,73,10,158,31,136,103,25,96,91,98,6)
2160441
(16,157,127,164,167,17,160,134,137,122,74,97,61), (115,107,37,20,138,105,145,45,72,53,121,163,46), (80,8,57,165,33,108,83,146,89,126,140,150,123), (9,135,166,92,90,12,66,18,141,52,109,113,43), (77,111,100,162,47,15,28,76,102,125,22,32,65), (131,128,48,24,119,11,148,93,168,2,152,151,67), (139,78,71,63,144,3,59,49,70,161,114,154,149), (13,51,133,14,62,132,112,110,143,55,38,44,124), (118,82,86,116,35,39,36,26,69,129,99,88,68), (4,117,29,19,1,34,156,5,21,50,85,147,106), (159,130,104,42,79,54,142,84,95,56,87,64,153), (23,58,41,75,120,94,81,60,169,155,27,30,101), (7,40,73,10,158,31,136,103,25,96,91,98,6)