
Starting
18475137
(309,78,237,19,229,290,263,34,308,4,158,293,35,7,178,242,71,320), (62,209,10,257,286,31,2,259,252,83,310,312,276,138,99,160,301,32), (226,314,166,322,46,187,270,207,253,26,218,11,172,295,18,262,112,251), (198,146,271,255,60,307,162,45,23,97,154,103,273,116,169,107,265,204), (304,137,28,58,69,55,305,57,79,135,73,88,159,25,274,294,321,101), (197,150,56,81,297,152,281,102,114,131,269,277,222,292,283,232,93,65), (51,36,210,267,39,227,98,70,92,157,191,85,289,200,319,220,272,47), (238,201,285,1,125,223,268,258,186,38,323,20,156,167,189,250,64,288), (296,202,72,171,195,212,136,61,94,110,66,9,235,192,117,15,108,282), (213,170,313,246,316,300,234,208,111,50,27,53,13,177,49,311,33,203), (299,120,127,80,147,130,16,40,260,233,284,6,44,240,219,243,21,196), (163,266,121,8,82,188,3,185,42,199,77,63,86,54,236,224,193,306), (280,194,104,168,132,30,303,217,133,176,275,123,105,143,109,118,318,183), (247,206,14,264,95,161,298,142,126,241,124,67,76,139,87,144,317,48), (22,174,287,91,75,140,145,115,181,141,12,129,248,155,122,84,216,43), (37,225,52,100,153,205,211,151,148,179,278,24,182,244,68,173,89,245), (254,59,324,134,184,261,180,106,279,128,302,230,190,164,119,41,165,215), (90,228,239,231,315,149,175,5,29,113,74,17,221,214,249,256,291,96)
18263233
(309,78,237,19,229,290,263,34,308,4,158,293,35,7,178,242,71,233), (62,209,10,257,286,31,2,259,252,83,310,312,276,138,99,160,301,32), (226,314,166,322,46,187,270,207,253,26,218,11,172,295,18,262,112,251), (198,146,271,255,60,307,162,45,23,97,154,103,273,116,169,107,265,204), (304,137,28,58,69,55,305,57,79,135,73,88,159,25,274,294,321,101), (197,150,56,81,297,152,281,102,114,131,269,277,222,292,283,232,93,65), (51,36,210,267,39,227,98,70,92,157,191,85,289,200,319,220,272,47), (238,201,285,1,125,223,268,258,186,38,323,20,156,167,189,250,64,288), (296,202,72,171,195,212,136,61,94,110,66,9,235,192,117,15,108,282), (213,170,313,246,316,300,234,208,111,50,27,53,13,177,49,311,33,203), (299,120,127,80,147,130,16,40,260,320,284,6,44,240,219,243,21,196), (163,266,121,8,82,188,3,185,42,199,77,63,86,54,236,224,193,306), (280,194,104,168,132,30,303,217,133,176,275,123,105,143,109,118,318,183), (247,206,14,264,95,161,298,142,126,241,124,67,76,139,87,144,317,48), (22,174,287,91,75,140,145,115,181,141,12,129,248,155,122,84,216,43), (37,225,52,100,153,205,211,151,148,179,278,24,182,244,68,173,89,245), (254,59,324,134,184,261,180,106,279,128,302,230,190,164,119,41,165,215), (90,228,239,231,315,149,175,5,29,113,74,17,221,214,249,256,291,96)
18074362
(309,78,237,19,229,290,263,34,308,4,158,293,35,7,178,242,71,233), (62,209,10,257,286,31,2,259,252,83,310,312,276,138,99,160,301,32), (226,314,166,322,46,187,270,207,253,26,218,11,172,295,18,262,112,251), (198,146,271,255,60,307,162,45,23,97,154,103,273,116,169,107,265,204), (304,137,28,58,69,55,305,57,79,135,73,88,159,25,274,294,321,101), (197,150,56,81,297,152,281,102,114,131,269,277,222,292,283,232,93,65), (51,36,210,267,39,227,98,70,92,157,191,85,289,200,319,220,272,47), (238,201,285,1,125,223,268,258,186,38,323,20,156,167,189,250,64,288), (296,202,72,171,195,212,136,61,94,110,66,9,235,192,117,15,108,282), (213,170,313,246,316,300,234,208,111,50,27,53,13,177,49,311,33,203), (299,120,127,80,147,130,16,40,260,320,284,6,44,240,219,243,21,196), (163,266,121,8,82,188,3,185,42,90,77,63,86,54,236,224,193,306), (280,194,104,168,132,30,303,217,133,176,275,123,105,143,109,118,318,183), (247,206,14,264,95,161,298,142,126,241,124,67,76,139,87,144,317,48), (22,174,287,91,75,140,145,115,181,141,12,129,248,155,122,84,216,43), (37,225,52,100,153,205,211,151,148,179,278,24,182,244,68,173,89,245), (254,59,324,134,184,261,180,106,279,128,302,230,190,164,119,41,165,215), (199,228,239,231,315,149,175,5,29,113,74,17,221,214,249,256,291,96)
17882730
(309,78,237,19,229,290,263,34,308,4,158,293,35,7,178,242,71,233), (62,209,10,257,286,31,2,259,252,83,310,312,276,138,99,160,301,32), (226,314,166,322,46,187,270,207,253,26,218,11,172,295,18,262,112,251), (198,146,271,255,60,307,162,45,23,97,154,103,273,116,169,107,265,204), (304,137,28,58,69,55,305,57,79,135,73,88,159,25,274,294,321,101), (197,150,56,81,297,152,281,102,114,131,269,277,222,292,283,232,93,65), (51,36,210,267,39,227,98,70,92,157,324,85,289,200,319,220,272,47), (238,201,285,1,125,223,268,258,186,38,323,20,156,167,189,250,64,288), (296,202,72,171,195,212,136,61,94,110,66,9,235,192,117,15,108,282), (213,170,313,246,316,300,234,208,111,50,27,53,13,177,49,311,33,203), (299,120,127,80,147,130,16,40,260,320,284,6,44,240,219,243,21,196), (163,266,121,8,82,188,3,185,42,90,77,63,86,54,236,224,193,306), (280,194,104,168,132,30,303,217,133,176,275,123,105,143,109,118,318,183), (247,206,14,264,95,161,298,142,126,241,124,67,76,139,87,144,317,48), (22,174,287,91,75,140,145,115,181,141,12,129,248,155,122,84,216,43), (37,225,52,100,153,205,211,151,148,179,278,24,182,244,68,173,89,245), (254,59,191,134,184,261,180,106,279,128,302,230,190,164,119,41,165,215), (199,228,239,231,315,149,175,5,29,113,74,17,221,214,249,256,291,96)
17717610
(309,78,237,19,229,290,263,34,308,4,158,293,35,7,178,242,71,233), (62,209,10,257,286,31,2,259,252,83,310,312,276,138,99,160,301,32), (226,314,166,322,46,187,270,207,253,26,218,11,172,295,18,262,112,251), (198,146,271,255,60,307,162,45,23,97,154,103,273,116,169,107,265,204), (304,137,28,58,69,55,305,57,79,135,73,88,159,25,274,294,321,101), (197,150,56,81,297,152,281,102,114,131,269,277,222,292,283,232,93,65), (51,36,210,267,39,227,98,70,92,157,324,85,289,200,319,220,272,47), (238,201,285,1,125,228,268,258,186,38,323,20,156,167,189,250,64,288), (296,202,72,171,195,212,136,61,94,110,66,9,235,192,117,15,108,282), (213,170,313,246,316,300,234,208,111,50,27,53,13,177,49,311,33,203), (299,120,127,80,147,130,16,40,260,320,284,6,44,240,219,243,21,196), (163,266,121,8,82,188,3,185,42,90,77,63,86,54,236,224,193,306), (280,194,104,168,132,30,303,217,133,176,275,123,105,143,109,118,318,183), (247,206,14,264,95,161,298,142,126,241,124,67,76,139,87,144,317,48), (22,174,287,91,75,140,145,115,181,141,12,129,248,155,122,84,216,43), (37,225,52,100,153,205,211,151,148,179,278,24,182,244,68,173,89,245), (254,59,191,134,184,261,180,106,279,128,302,230,190,164,119,41,165,215), (199,223,239,231,315,149,175,5,29,113,74,17,221,214,249,256,291,96)
17556396
(309,78,237,19,229,290,263,34,308,4,158,293,35,7,178,242,71,233), (62,209,10,257,286,31,2,259,252,83,310,312,276,138,99,160,301,32), (226,314,166,322,46,187,270,207,253,26,218,11,172,295,18,262,112,251), (157,146,271,255,60,307,162,45,23,97,154,103,273,116,169,107,265,204), (304,137,28,58,69,55,305,57,79,135,73,88,159,25,274,294,321,101), (197,150,56,81,297,152,281,102,114,131,269,277,222,292,283,232,93,65), (51,36,210,267,39,227,98,70,92,198,324,85,289,200,319,220,272,47), (238,201,285,1,125,228,268,258,186,38,323,20,156,167,189,250,64,288), (296,202,72,171,195,212,136,61,94,110,66,9,235,192,117,15,108,282), (213,170,313,246,316,300,234,208,111,50,27,53,13,177,49,311,33,203), (299,120,127,80,147,130,16,40,260,320,284,6,44,240,219,243,21,196), (163,266,121,8,82,188,3,185,42,90,77,63,86,54,236,224,193,306), (280,194,104,168,132,30,303,217,133,176,275,123,105,143,109,118,318,183), (247,206,14,264,95,161,298,142,126,241,124,67,76,139,87,144,317,48), (22,174,287,91,75,140,145,115,181,141,12,129,248,155,122,84,216,43), (37,225,52,100,153,205,211,151,148,179,278,24,182,244,68,173,89,245), (254,59,191,134,184,261,180,106,279,128,302,230,190,164,119,41,165,215), (199,223,239,231,315,149,175,5,29,113,74,17,221,214,249,256,291,96)
17404554
(309,78,237,19,229,290,263,34,308,4,158,293,35,7,178,242,71,233), (62,209,10,257,286,31,2,259,252,83,310,312,276,138,99,160,301,32), (226,314,166,322,46,187,270,207,253,26,218,11,172,295,18,262,112,251), (157,146,271,255,60,307,162,45,23,97,154,103,273,116,169,107,265,204), (304,137,28,58,69,55,305,57,79,135,73,88,159,25,274,294,321,101), (197,150,56,81,297,152,281,102,114,131,269,277,222,292,283,232,93,65), (51,36,210,267,39,227,98,70,92,198,324,85,289,200,319,220,272,47), (238,201,285,1,125,228,268,258,186,38,323,20,156,167,189,250,64,288), (296,202,72,171,195,212,136,165,94,110,66,9,235,192,117,15,108,282), (213,170,313,246,316,300,234,208,111,50,27,53,13,177,49,311,33,203), (299,120,127,80,147,130,16,40,260,320,284,6,44,240,219,243,21,196), (163,266,121,8,82,188,3,185,42,90,77,63,86,54,236,224,193,306), (280,194,104,168,132,30,303,217,133,176,275,123,105,143,109,118,318,183), (247,206,14,264,95,161,298,142,126,241,124,67,76,139,87,144,317,48), (22,174,287,91,75,140,145,115,181,141,12,129,248,155,122,84,216,43), (37,225,52,100,153,205,211,151,148,179,278,24,182,244,68,173,89,245), (254,59,191,134,184,261,180,106,279,128,302,230,190,164,119,41,61,215), (199,223,239,231,315,149,175,5,29,113,74,17,221,214,249,256,291,96)