
5658217
(179,19,203,149,98,86,47,143,217,216,109,17,92,167,116), (106,74,13,198,31,156,117,16,138,89,211,21,184,65,131), (162,219,174,221,12,107,197,161,27,59,73,220,113,194,82), (172,207,225,168,37,224,141,53,135,48,50,33,125,8,157), (43,146,35,101,66,122,36,103,105,58,5,124,88,114,173), (150,63,94,38,213,70,61,49,32,159,209,137,170,30,177), (153,60,169,190,202,218,166,160,182,10,85,75,147,79,155), (206,185,90,7,51,46,118,222,140,130,76,45,1,187,176), (24,83,54,145,183,111,56,201,144,208,223,186,121,64,39), (23,28,34,196,4,6,25,128,69,215,136,91,175,41,78), (192,71,210,142,188,44,212,152,80,165,180,126,42,26,72), (102,29,132,62,77,18,115,40,93,123,52,3,14,181,127), (84,96,97,20,9,95,133,68,57,193,191,2,108,214,154), (55,164,163,200,81,151,204,11,205,171,87,119,104,134,158), (15,199,67,112,129,110,178,148,100,99,120,22,139,195,189)
5575003
(179,19,203,149,98,86,47,143,217,216,109,17,92,167,116), (106,74,13,198,31,156,117,16,138,89,211,21,184,65,131), (162,219,174,221,12,189,197,161,27,59,73,220,113,194,82), (172,207,225,168,37,224,141,53,135,48,50,33,125,8,157), (43,146,35,101,66,122,36,103,105,58,5,124,88,114,173), (150,63,94,38,213,70,61,49,32,159,209,137,170,30,177), (153,60,169,190,202,218,166,160,182,10,85,75,147,79,155), (206,185,90,7,51,46,118,222,140,130,76,45,1,187,176), (24,83,54,145,183,111,56,201,144,208,223,186,121,64,39), (23,28,34,196,4,6,25,128,69,215,136,91,175,41,78), (192,71,210,142,188,44,212,152,80,165,180,126,42,26,72), (102,29,132,62,77,18,115,40,93,123,52,3,14,181,127), (84,96,97,20,9,95,133,68,57,193,191,2,108,214,154), (55,164,163,200,81,151,204,11,205,171,87,119,104,134,158), (15,199,67,112,129,110,178,148,100,99,120,22,139,195,107)
5502735
(179,19,203,149,98,86,47,143,217,118,109,17,92,167,116), (106,74,13,198,31,156,117,16,138,89,211,21,184,65,131), (162,219,174,221,12,189,197,161,27,59,73,220,113,194,82), (172,207,225,168,37,224,141,53,135,48,50,33,125,8,157), (43,146,35,101,66,122,36,103,105,58,5,124,88,114,173), (150,63,94,38,213,70,61,49,32,159,209,137,170,30,177), (153,60,169,190,202,218,166,160,182,10,85,75,147,79,155), (206,185,90,7,51,46,216,222,140,130,76,45,1,187,176), (24,83,54,145,183,111,56,201,144,208,223,186,121,64,39), (23,28,34,196,4,6,25,128,69,215,136,91,175,41,78), (192,71,210,142,188,44,212,152,80,165,180,126,42,26,72), (102,29,132,62,77,18,115,40,93,123,52,3,14,181,127), (84,96,97,20,9,95,133,68,57,193,191,2,108,214,154), (55,164,163,200,81,151,204,11,205,171,87,119,104,134,158), (15,199,67,112,129,110,178,148,100,99,120,22,139,195,107)
5435598
(179,19,203,149,98,86,47,143,217,118,109,17,92,167,116), (106,74,13,69,31,156,117,16,138,89,211,21,184,65,131), (162,219,174,221,12,189,197,161,27,59,73,220,113,194,82), (172,207,225,168,37,224,141,53,135,48,50,33,125,8,157), (43,146,35,101,66,122,36,103,105,58,5,124,88,114,173), (150,63,94,38,213,70,61,49,32,159,209,137,170,30,177), (153,60,169,190,202,218,166,160,182,10,85,75,147,79,155), (206,185,90,7,51,46,216,222,140,130,76,45,1,187,176), (24,83,54,145,183,111,56,201,144,208,223,186,121,64,39), (23,28,34,196,4,6,25,128,198,215,136,91,175,41,78), (192,71,210,142,188,44,212,152,80,165,180,126,42,26,72), (102,29,132,62,77,18,115,40,93,123,52,3,14,181,127), (84,96,97,20,9,95,133,68,57,193,191,2,108,214,154), (55,164,163,200,81,151,204,11,205,171,87,119,104,134,158), (15,199,67,112,129,110,178,148,100,99,120,22,139,195,107)
5368584
(179,19,203,149,98,86,47,143,217,118,109,17,92,167,116), (106,74,13,69,31,156,117,16,138,89,211,21,184,65,131), (162,219,174,221,12,189,197,161,27,59,73,115,113,194,82), (172,207,225,168,37,224,141,53,135,48,50,33,125,8,157), (43,146,35,101,66,122,36,103,105,58,5,124,88,114,173), (150,63,94,38,213,70,61,49,32,159,209,137,170,30,177), (153,60,169,190,202,218,166,160,182,10,85,75,147,79,155), (206,185,90,7,51,46,216,222,140,130,76,45,1,187,176), (24,83,54,145,183,111,56,201,144,208,223,186,121,64,39), (23,28,34,196,4,6,25,128,198,215,136,91,175,41,78), (192,71,210,142,188,44,212,152,80,165,180,126,42,26,72), (102,29,132,62,77,18,220,40,93,123,52,3,14,181,127), (84,96,97,20,9,95,133,68,57,193,191,2,108,214,154), (55,164,163,200,81,151,204,11,205,171,87,119,104,134,158), (15,199,67,112,129,110,178,148,100,99,120,22,139,195,107)
5305464
(179,19,203,149,98,86,47,143,217,118,109,17,92,167,116), (106,74,13,69,31,156,117,16,138,89,211,21,184,65,131), (162,219,174,221,12,189,197,161,27,59,73,115,113,194,82), (172,207,225,168,37,224,141,53,135,48,50,33,125,8,157), (43,146,35,101,66,122,36,103,105,58,5,124,88,114,173), (150,63,94,38,213,70,61,49,32,159,209,137,170,30,177), (153,60,169,190,202,218,166,160,182,10,85,75,147,79,155), (206,185,90,7,51,46,216,222,140,130,76,45,1,187,176), (24,83,54,145,183,111,56,201,144,208,195,186,121,64,39), (23,28,34,196,4,6,25,128,198,215,136,91,175,41,78), (192,71,210,142,188,44,212,152,80,165,180,126,42,26,72), (102,29,132,62,77,18,220,40,93,123,52,3,14,181,127), (84,96,97,20,9,95,133,68,57,193,191,2,108,214,154), (55,164,163,200,81,151,204,11,205,171,87,119,104,134,158), (15,199,67,112,129,110,178,148,100,99,120,22,139,223,107)
Starting
5889019
(176,13,68,144,184,81,83,57,49,14,51,22,115,127,5), (165,29,25,18,166,3,46,52,19,148,214,211,195,84,198), (205,97,114,92,47,131,129,86,160,135,8,64,174,142,65), (7,171,106,4,35,170,10,9,196,44,98,210,150,111,12), (182,67,59,103,217,1,28,74,78,216,66,172,163,100,96), (223,191,212,63,187,138,204,199,107,161,60,168,162,206,15), (38,197,146,48,178,109,194,105,34,54,157,33,30,179,99), (26,122,141,188,203,222,200,125,167,24,132,43,128,151,213), (123,219,90,201,153,79,69,23,61,40,116,11,45,185,41), (183,181,80,93,215,55,208,88,117,75,143,104,118,77,94), (156,175,89,73,158,62,91,164,39,102,134,218,53,147,76), (120,209,193,186,119,152,173,124,50,20,130,113,16,159,149), (126,145,133,155,140,112,17,82,225,32,71,220,58,221,121), (31,72,110,202,108,177,154,207,37,139,169,101,36,21,224), (190,87,189,70,137,95,27,192,136,85,56,2,180,42,6)
5786340
(176,13,68,144,184,81,83,57,49,14,51,22,115,127,5), (165,29,25,18,166,3,46,52,19,148,214,211,195,84,198), (205,97,114,92,47,131,129,86,160,135,8,64,174,142,65), (7,171,106,4,35,170,10,9,196,44,98,210,150,111,12), (182,67,59,103,217,1,28,74,78,216,66,172,163,100,96), (223,191,212,63,187,138,204,199,107,161,60,168,162,206,15), (38,197,146,48,178,109,194,105,34,54,157,33,30,179,99), (26,122,141,188,203,222,200,125,167,24,132,43,128,151,213), (123,219,90,201,153,79,69,23,120,40,116,11,45,185,41), (183,181,80,93,215,55,208,88,117,75,143,104,118,77,94), (156,175,89,73,158,62,91,164,39,102,134,218,53,147,76), (61,209,193,186,119,152,173,124,50,20,130,113,16,159,149), (126,145,133,155,140,112,17,82,225,32,71,220,58,221,121), (31,72,110,202,108,177,154,207,37,139,169,101,36,21,224), (190,87,189,70,137,95,27,192,136,85,56,2,180,42,6)
5684095
(167,13,68,144,184,81,83,57,49,14,51,22,115,127,5), (165,29,25,18,166,3,46,52,19,148,214,211,195,84,198), (205,97,114,92,47,131,129,86,160,135,8,64,174,142,65), (7,171,106,4,35,170,10,9,196,44,98,210,150,111,12), (182,67,59,103,217,1,28,74,78,216,66,172,163,100,96), (223,191,212,63,187,138,204,199,107,161,60,168,162,206,15), (38,197,146,48,178,109,194,105,34,54,157,33,30,179,99), (26,122,141,188,203,222,200,125,176,24,132,43,128,151,213), (123,219,90,201,153,79,69,23,120,40,116,11,45,185,41), (183,181,80,93,215,55,208,88,117,75,143,104,118,77,94), (156,175,89,73,158,62,91,164,39,102,134,218,53,147,76), (61,209,193,186,119,152,173,124,50,20,130,113,16,159,149), (126,145,133,155,140,112,17,82,225,32,71,220,58,221,121), (31,72,110,202,108,177,154,207,37,139,169,101,36,21,224), (190,87,189,70,137,95,27,192,136,85,56,2,180,42,6)
5590607
(167,13,68,144,184,81,83,57,49,14,51,22,115,127,5), (165,29,25,18,166,3,46,52,19,148,214,211,195,84,198), (205,97,114,92,47,131,129,86,160,135,8,64,174,142,65), (7,171,106,4,35,170,10,9,196,44,98,210,150,111,12), (182,67,59,103,217,1,28,74,78,216,66,172,163,100,96), (223,191,212,63,187,138,204,180,107,161,60,168,162,206,15), (38,197,146,48,178,109,194,105,34,54,157,33,30,179,99), (26,122,141,188,203,222,200,125,176,24,132,43,128,151,213), (123,219,90,201,153,79,69,23,120,40,116,11,45,185,41), (183,181,80,93,215,55,208,88,117,75,143,104,118,77,94), (156,175,89,73,158,62,91,164,39,102,134,218,53,147,76), (61,209,193,186,119,152,173,124,50,20,130,113,16,159,149), (126,145,133,155,140,112,17,82,225,32,71,220,58,221,121), (31,72,110,202,108,177,154,207,37,139,169,101,36,21,224), (190,87,189,70,137,95,27,192,136,85,56,2,199,42,6)
Starting
5967714
(162,75,143,63,170,201,103,100,144,213,105,32,222,86,192), (177,194,225,65,129,23,111,198,36,61,136,157,106,123,120), (47,27,153,127,139,15,74,155,89,110,147,159,34,183,149), (46,42,203,160,187,68,114,84,176,218,210,205,117,152,18), (22,171,37,186,44,206,25,108,64,146,66,45,190,109,189), (72,175,182,6,81,132,69,8,70,137,224,130,60,223,57), (17,90,138,29,195,173,30,214,158,67,55,209,161,5,180), (156,80,93,4,92,10,56,184,3,116,181,197,193,217,7), (14,221,21,76,174,185,141,41,38,9,1,118,131,202,216), (178,35,49,91,145,196,79,113,172,51,50,166,112,19,54), (87,135,33,150,219,98,71,121,169,215,2,133,102,78,125), (151,207,52,97,12,134,82,200,24,204,88,107,26,59,73), (43,199,188,40,28,168,83,20,212,126,148,53,165,154,122), (77,142,11,62,16,85,208,163,128,179,164,211,124,99,94), (96,101,220,140,104,95,39,119,13,48,115,191,31,58,167)
Starting
5844364
(170,152,72,11,113,223,112,197,142,45,89,165,29,210,47), (205,118,26,83,9,114,39,38,36,122,167,76,212,198,71), (154,100,28,63,41,207,156,10,56,110,86,116,151,211,172), (144,108,107,49,103,190,150,12,96,101,70,161,34,5,213), (177,145,171,173,90,21,168,149,22,33,225,32,119,146,85), (24,93,1,91,180,115,218,194,106,124,42,19,215,191,68), (13,201,169,8,188,67,193,88,127,140,50,164,147,18,183), (61,111,117,81,66,138,3,57,217,186,55,102,53,46,159), (105,141,135,51,35,175,163,109,44,166,31,73,64,184,43), (185,222,136,153,155,125,192,224,148,162,160,128,77,48,52), (97,30,121,129,220,25,69,143,87,195,200,199,132,130,134), (92,176,131,59,14,214,137,40,15,58,27,209,202,104,179), (75,221,219,7,94,2,203,208,126,23,20,178,133,54,120), (74,157,98,187,80,123,139,204,189,174,16,181,4,82,62), (60,158,196,37,95,84,206,79,17,216,99,65,6,182,78)
5709029
(170,152,72,11,113,223,112,197,142,45,89,165,29,163,47), (205,118,26,83,9,114,39,38,36,122,167,76,212,198,71), (154,100,28,63,41,207,156,10,56,110,86,116,151,211,172), (144,108,107,49,103,190,150,12,96,101,70,161,34,5,213), (177,145,171,173,90,21,168,149,22,33,225,32,119,146,85), (24,93,1,91,180,115,218,194,106,124,42,19,215,191,68), (13,201,169,8,188,67,193,88,127,140,50,164,147,18,183), (61,111,117,81,66,138,3,57,217,186,55,102,53,46,159), (105,141,135,51,35,175,210,109,44,166,31,73,64,184,43), (185,222,136,153,155,125,192,224,148,162,160,128,77,48,52), (97,30,121,129,220,25,69,143,87,195,200,199,132,130,134), (92,176,131,59,14,214,137,40,15,58,27,209,202,104,179), (75,221,219,7,94,2,203,208,126,23,20,178,133,54,120), (74,157,98,187,80,123,139,204,189,174,16,181,4,82,62), (60,158,196,37,95,84,206,79,17,216,99,65,6,182,78)
Starting
5865325
(225,91,66,180,17,150,219,107,58,114,30,109,223,1,127), (33,83,146,201,28,38,49,25,190,185,161,43,29,52,213), (46,126,216,13,202,156,191,23,198,62,57,141,122,115,80), (54,189,116,215,123,4,176,93,181,128,5,217,160,136,158), (72,200,102,37,40,193,88,171,39,63,207,147,51,197,19), (170,209,204,50,129,154,67,59,194,168,187,42,222,220,132), (149,2,77,142,118,135,98,27,112,97,211,152,14,173,71), (79,167,212,99,117,192,134,92,196,199,48,10,153,95,138), (177,224,103,206,82,148,3,81,24,34,22,61,208,113,155), (183,184,26,86,16,41,64,164,121,12,8,21,172,65,104), (78,221,203,73,175,18,76,74,106,179,20,218,84,45,108), (125,100,7,210,90,9,124,143,55,94,69,101,11,110,68), (120,169,131,6,205,96,165,32,145,119,75,157,186,36,53), (214,87,144,130,140,70,31,166,174,162,60,85,15,137,182), (47,111,178,188,139,35,105,159,56,89,44,151,163,195,133)
5770889
(225,91,66,180,17,150,219,107,58,114,30,109,223,1,127), (33,83,146,201,28,38,49,25,190,185,161,43,29,52,213), (46,126,216,13,202,156,191,23,198,62,57,141,122,115,80), (54,189,116,215,123,4,176,93,181,128,5,217,160,136,158), (72,200,102,37,40,193,88,171,39,63,207,147,51,197,19), (170,209,204,50,129,154,67,59,194,168,187,42,222,220,132), (149,2,77,142,118,135,98,27,112,97,211,152,14,173,71), (79,167,212,99,117,192,134,92,196,199,48,10,153,95,138), (177,224,103,206,82,148,3,81,24,34,22,61,208,113,155), (183,184,26,86,16,41,64,164,121,12,8,21,172,65,104), (78,221,203,73,175,18,76,74,106,179,20,218,84,45,108), (125,100,7,210,90,9,124,143,55,94,69,101,11,110,68), (120,169,131,6,205,96,165,32,145,119,75,157,186,36,53), (214,87,144,130,140,70,31,166,174,162,60,85,15,137,182), (47,111,178,188,139,35,105,159,56,89,44,151,163,195,133)