
629471
(118,21,3,35,14,12,86,40,117,30,82), (43,59,4,102,94,8,90,72,61,48,47), (50,67,69,73,29,44,62,68,66,99,96), (110,27,76,34,101,60,95,97,46,49,116), (89,16,83,121,98,10,15,91,37,51,109), (55,78,92,93,115,105,18,108,7,75,71), (5,11,103,45,70,112,88,111,31,17,56), (107,54,39,2,38,23,20,22,28,64,84), (65,114,25,33,74,6,85,104,24,81,80), (113,100,63,53,42,52,58,87,36,13,120), (1,9,26,106,79,77,19,57,32,119,41)
617167
(118,21,3,35,14,12,86,40,117,30,82), (43,59,4,102,94,8,90,72,61,48,47), (50,67,69,73,120,44,62,68,66,99,96), (110,27,76,34,101,60,95,97,46,49,116), (89,16,83,121,98,10,15,91,37,51,109), (55,78,92,93,115,105,18,108,7,75,71), (5,11,103,45,70,112,88,111,31,17,56), (107,54,39,2,38,23,20,22,28,64,84), (65,114,25,33,74,6,85,104,24,81,80), (113,100,63,53,42,52,58,87,36,13,29), (1,9,26,106,79,77,19,57,32,119,41)
608693
(118,21,3,35,14,12,86,40,117,101,82), (43,59,4,102,94,8,90,72,61,48,47), (50,67,69,73,120,44,62,68,66,99,96), (110,27,76,34,30,60,95,97,46,49,116), (89,16,83,121,98,10,15,91,37,51,109), (55,78,92,93,115,105,18,108,7,75,71), (5,11,103,45,70,112,88,111,31,17,56), (107,54,39,2,38,23,20,22,28,64,84), (65,114,25,33,74,6,85,104,24,81,80), (113,100,63,53,42,52,58,87,36,13,29), (1,9,26,106,79,77,19,57,32,119,41)
600101
(118,21,3,35,14,12,86,40,103,101,82), (43,59,4,102,94,8,90,72,61,48,47), (50,67,69,73,120,44,62,68,66,99,96), (110,27,76,34,30,60,95,97,46,49,116), (89,16,83,121,98,10,15,91,37,51,109), (55,78,92,93,115,105,18,108,7,75,71), (5,11,117,45,70,112,88,111,31,17,56), (107,54,39,2,38,23,20,22,28,64,84), (65,114,25,33,74,6,85,104,24,81,80), (113,100,63,53,42,52,58,87,36,13,29), (1,9,26,106,79,77,19,57,32,119,41)
592267
(118,21,3,35,14,12,86,40,103,101,82), (43,59,4,102,94,8,90,72,61,48,47), (50,67,69,73,120,44,62,68,66,99,96), (110,27,76,34,30,60,95,80,46,49,116), (89,16,83,121,98,10,15,91,37,51,109), (55,78,92,93,115,105,18,108,7,75,71), (5,11,117,45,70,112,88,111,31,17,56), (107,54,39,2,38,23,20,22,28,64,84), (65,114,25,33,74,6,85,104,24,81,97), (113,100,63,53,42,52,58,87,36,13,29), (1,9,26,106,79,77,19,57,32,119,41)
585337
(118,31,3,35,14,12,86,40,103,101,82), (43,59,4,102,94,8,90,72,61,48,47), (50,67,69,73,120,44,62,68,66,99,96), (110,27,76,34,30,60,95,80,46,49,116), (89,16,83,121,98,10,15,91,37,51,109), (55,78,92,93,115,105,18,108,7,75,71), (5,11,117,45,70,112,88,111,21,17,56), (107,54,39,2,38,23,20,22,28,64,84), (65,114,25,33,74,6,85,104,24,81,97), (113,100,63,53,42,52,58,87,36,13,29), (1,9,26,106,79,77,19,57,32,119,41)
578915
(118,31,3,35,14,12,86,40,103,101,82), (43,59,4,102,94,8,90,72,61,48,47), (50,67,69,73,120,44,62,68,66,99,96), (110,27,76,34,30,60,95,80,46,49,116), (89,16,100,121,98,10,15,91,37,51,109), (55,78,92,93,115,105,18,108,7,75,71), (5,11,117,45,70,112,88,111,21,17,56), (107,54,39,2,38,23,20,22,28,64,84), (65,114,25,33,74,6,85,104,24,81,97), (113,83,63,53,42,52,58,87,36,13,29), (1,9,26,106,79,77,19,57,32,119,41)
573036
(118,31,3,35,14,12,86,40,103,101,82), (43,59,4,102,94,8,90,72,61,48,47), (50,67,69,73,120,44,62,68,66,74,96), (110,27,76,34,30,60,95,80,46,49,116), (89,16,100,121,98,10,15,91,37,51,109), (55,78,92,93,115,105,18,108,7,75,71), (5,11,117,45,70,112,88,111,21,17,56), (107,54,39,2,38,23,20,22,28,64,84), (65,114,25,33,99,6,85,104,24,81,97), (113,83,63,53,42,52,58,87,36,13,29), (1,9,26,106,79,77,19,57,32,119,41)
567188
(118,31,3,35,14,12,86,40,103,101,82), (43,59,4,23,94,8,90,72,61,48,47), (50,67,69,73,120,44,62,68,66,74,96), (110,27,76,34,30,60,95,80,46,49,116), (89,16,100,121,98,10,15,91,37,51,109), (55,78,92,93,115,105,18,108,7,75,71), (5,11,117,45,70,112,88,111,21,17,56), (107,54,39,2,38,102,20,22,28,64,84), (65,114,25,33,99,6,85,104,24,81,97), (113,83,63,53,42,52,58,87,36,13,29), (1,9,26,106,79,77,19,57,32,119,41)
562102
(118,31,3,35,14,12,86,40,103,101,82), (43,59,4,23,94,8,90,72,61,48,47), (50,67,69,73,120,44,62,68,66,74,96), (110,27,76,84,30,60,95,80,46,49,116), (89,16,100,121,98,10,15,91,37,51,109), (55,78,92,93,115,105,18,108,7,75,71), (5,11,117,45,70,112,88,111,21,17,56), (107,54,39,2,38,102,20,22,28,64,34), (65,114,25,33,99,6,85,104,24,81,97), (113,83,63,53,42,52,58,87,36,13,29), (1,9,26,106,79,77,19,57,32,119,41)
557046
(118,31,3,35,14,12,86,40,103,101,82), (43,59,4,23,94,8,90,72,61,48,47), (50,67,69,73,120,44,62,68,66,74,37), (110,27,76,84,30,60,95,80,46,49,116), (89,16,100,121,98,10,15,91,96,51,109), (55,78,92,93,115,105,18,108,7,75,71), (5,11,117,45,70,112,88,111,21,17,56), (107,54,39,2,38,102,20,22,28,64,34), (65,114,25,33,99,6,85,104,24,81,97), (113,83,63,53,42,52,58,87,36,13,29), (1,9,26,106,79,77,19,57,32,119,41)
551838
(118,31,3,35,14,12,86,40,103,101,82), (43,59,4,23,94,8,90,72,61,111,47), (50,67,69,73,120,44,62,68,66,74,37), (110,27,76,84,30,60,95,80,46,49,116), (89,16,100,121,98,10,15,91,96,51,109), (55,78,92,93,115,105,18,108,7,75,71), (5,11,117,45,70,112,88,48,21,17,56), (107,54,39,2,38,102,20,22,28,64,34), (65,114,25,33,99,6,85,104,24,81,97), (113,83,63,53,42,52,58,87,36,13,29), (1,9,26,106,79,77,19,57,32,119,41)
547038
(118,31,3,35,14,12,86,40,103,101,82), (43,59,4,23,94,8,90,72,61,111,47), (50,67,69,73,120,44,62,68,2,74,37), (110,27,76,84,30,60,95,80,46,49,116), (89,16,100,121,98,10,15,91,96,51,109), (55,78,92,93,115,105,18,108,7,75,71), (5,11,117,45,70,112,88,48,21,17,56), (107,54,39,66,38,102,20,22,28,64,34), (65,114,25,33,99,6,85,104,24,81,97), (113,83,63,53,42,52,58,87,36,13,29), (1,9,26,106,79,77,19,57,32,119,41)
542326
(118,31,3,35,14,12,86,40,103,101,82), (43,59,4,23,94,8,92,72,61,111,47), (50,67,69,73,120,44,62,68,2,74,37), (110,27,76,84,30,60,95,80,46,49,116), (89,16,100,121,98,10,15,91,96,51,109), (55,78,90,93,115,105,18,108,7,75,71), (5,11,117,45,70,112,88,48,21,17,56), (107,54,39,66,38,102,20,22,28,64,34), (65,114,25,33,99,6,85,104,24,81,97), (113,83,63,53,42,52,58,87,36,13,29), (1,9,26,106,79,77,19,57,32,119,41)
537463
(118,31,3,35,14,12,86,40,103,101,82), (43,59,4,23,94,8,92,115,61,111,47), (50,67,69,73,120,44,62,68,2,74,37), (110,27,76,84,30,60,95,80,46,49,116), (89,16,100,121,98,10,15,91,96,51,109), (55,78,90,93,72,105,18,108,7,75,71), (5,11,117,45,70,112,88,48,21,17,56), (107,54,39,66,38,102,20,22,28,64,34), (65,114,25,33,99,6,85,104,24,81,97), (113,83,63,53,42,52,58,87,36,13,29), (1,9,26,106,79,77,19,57,32,119,41)
532951
(118,31,3,35,14,12,86,40,103,101,97), (43,59,4,23,94,8,92,115,61,111,47), (50,67,69,73,120,44,62,68,2,74,37), (110,27,76,84,30,60,95,80,46,49,116), (89,16,100,121,98,10,15,91,96,51,109), (55,78,90,93,72,105,18,108,7,75,71), (5,11,117,45,70,112,88,48,21,17,56), (107,54,39,66,38,102,20,22,28,64,34), (65,114,25,33,99,6,85,104,24,81,82), (113,83,63,53,42,52,58,87,36,13,29), (1,9,26,106,79,77,19,57,32,119,41)
528974
(118,31,3,35,14,12,86,40,103,101,97), (43,59,4,23,94,8,92,115,61,111,47), (50,67,69,73,120,44,62,68,2,74,37), (110,27,76,84,30,60,95,80,46,49,32), (89,16,100,121,98,10,15,91,96,51,109), (55,78,90,93,72,105,18,108,7,75,71), (5,11,117,45,70,112,88,48,21,17,56), (107,54,39,66,38,102,20,22,28,64,34), (65,114,25,33,99,6,85,104,24,81,82), (113,83,63,53,42,52,58,87,36,13,29), (1,9,26,106,79,77,19,57,116,119,41)
525231
(118,31,3,35,14,12,86,40,103,101,97), (43,59,4,23,94,8,92,115,61,111,47), (50,67,69,73,120,44,62,68,2,74,37), (110,27,75,84,30,60,95,80,46,49,32), (89,16,100,121,98,10,15,91,96,51,109), (55,78,90,93,72,105,18,108,7,76,71), (5,11,117,45,70,112,88,48,21,17,56), (107,54,39,66,38,102,20,22,28,64,34), (65,114,25,33,99,6,85,104,24,81,82), (113,83,63,53,42,52,58,87,36,13,29), (1,9,26,106,79,77,19,57,116,119,41)
520595
(118,31,3,35,14,12,86,40,103,101,97), (43,59,4,23,94,8,92,115,61,111,47), (50,67,69,73,120,44,62,68,2,74,37), (110,27,75,84,30,60,95,80,46,49,32), (89,16,100,121,98,10,15,91,96,51,109), (55,78,90,93,72,105,18,108,7,76,71), (5,11,117,45,70,112,88,48,21,17,56), (107,54,39,66,38,102,20,114,28,64,34), (65,22,25,33,99,6,85,104,24,81,82), (113,83,63,53,42,52,58,87,36,13,29), (1,9,26,106,79,77,19,57,116,119,41)
516841
(118,31,3,35,14,12,86,40,103,101,97), (43,59,4,23,94,8,92,115,61,111,47), (50,67,69,73,120,44,62,68,2,74,37), (110,27,75,84,30,60,95,80,46,49,32), (89,16,100,121,98,10,15,42,96,51,109), (55,78,90,93,72,105,18,108,7,76,71), (5,11,117,45,70,112,88,48,21,17,56), (107,54,39,66,38,102,20,114,28,64,34), (65,22,25,33,99,6,85,104,24,81,82), (113,83,63,53,91,52,58,87,36,13,29), (1,9,26,106,79,77,19,57,116,119,41)
513413
(118,31,3,35,46,12,86,40,103,101,97), (43,59,4,23,94,8,92,115,61,111,47), (50,67,69,73,120,44,62,68,2,74,37), (110,27,75,84,30,60,95,80,14,49,32), (89,16,100,121,98,10,15,42,96,51,109), (55,78,90,93,72,105,18,108,7,76,71), (5,11,117,45,70,112,88,48,21,17,56), (107,54,39,66,38,102,20,114,28,64,34), (65,22,25,33,99,6,85,104,24,81,82), (113,83,63,53,91,52,58,87,36,13,29), (1,9,26,106,79,77,19,57,116,119,41)
510023
(118,31,3,93,46,12,86,40,103,101,97), (43,59,4,23,94,8,92,115,61,111,47), (50,67,69,73,120,44,62,68,2,74,37), (110,27,75,84,30,60,95,80,14,49,32), (89,16,100,121,98,10,15,42,96,51,109), (55,78,90,35,72,105,18,108,7,76,71), (5,11,117,45,70,112,88,48,21,17,56), (107,54,39,66,38,102,20,114,28,64,34), (65,22,25,33,99,6,85,104,24,81,82), (113,83,63,53,91,52,58,87,36,13,29), (1,9,26,106,79,77,19,57,116,119,41)
506671
(118,31,3,93,46,12,86,40,103,101,97), (43,59,4,23,94,8,92,115,61,111,47), (50,67,69,73,120,44,62,68,2,74,37), (110,27,75,84,30,60,95,80,14,49,32), (89,81,100,121,98,10,15,42,96,51,109), (55,78,90,35,72,105,18,108,7,76,71), (5,11,117,45,70,112,88,48,21,17,56), (107,54,39,66,38,102,20,114,28,64,34), (65,22,25,33,99,6,85,104,24,16,82), (113,83,63,53,91,52,58,87,36,13,29), (1,9,26,106,79,77,19,57,116,119,41)
503374
(118,31,3,93,46,12,86,40,103,101,97), (43,59,4,23,115,8,92,94,61,111,47), (50,67,69,73,120,44,62,68,2,74,37), (110,27,75,84,30,60,95,80,14,49,32), (89,81,100,121,98,10,15,42,96,51,109), (55,78,90,35,72,105,18,108,7,76,71), (5,11,117,45,70,112,88,48,21,17,56), (107,54,39,66,38,102,20,114,28,64,34), (65,22,25,33,99,6,85,104,24,16,82), (113,83,63,53,91,52,58,87,36,13,29), (1,9,26,106,79,77,19,57,116,119,41)
500110
(118,31,3,93,46,12,86,40,103,101,97), (43,59,4,23,115,8,92,94,61,111,47), (50,67,69,73,120,44,62,68,2,74,37), (110,27,75,84,30,60,95,80,14,49,32), (89,81,100,121,98,10,15,42,96,51,109), (55,78,90,35,72,105,18,108,7,76,71), (5,11,117,45,70,112,88,48,21,17,56), (107,54,39,66,38,102,20,114,28,64,34), (65,22,25,33,99,6,85,104,24,16,82), (113,13,63,53,91,52,58,87,36,83,29), (1,9,26,106,79,77,19,57,116,119,41)
496958
(118,31,3,93,46,12,86,40,103,101,97), (43,59,4,23,115,8,92,94,61,111,47), (50,67,69,73,120,44,62,68,2,74,37), (110,27,75,84,30,60,95,80,14,49,32), (89,81,100,121,98,10,15,42,96,51,109), (55,78,90,35,72,105,18,108,7,76,71), (5,11,117,45,70,112,88,48,21,17,56), (107,54,39,66,36,102,20,114,28,64,34), (65,22,25,33,99,6,85,104,24,16,82), (113,13,63,53,91,52,58,87,38,83,29), (1,9,26,106,79,77,19,57,116,119,41)
493838
(118,31,3,93,46,12,86,73,103,101,97), (43,59,4,23,115,8,92,94,61,111,47), (50,67,69,40,120,44,62,68,2,74,37), (110,27,75,84,30,60,95,80,14,49,32), (89,81,100,121,98,10,15,42,96,51,109), (55,78,90,35,72,105,18,108,7,76,71), (5,11,117,45,70,112,88,48,21,17,56), (107,54,39,66,36,102,20,114,28,64,34), (65,22,25,33,99,6,85,104,24,16,82), (113,13,63,53,91,52,58,87,38,83,29), (1,9,26,106,79,77,19,57,116,119,41)
490732
(118,31,3,93,46,12,86,73,103,101,97), (43,59,4,23,115,8,92,94,61,111,47), (50,67,69,40,120,44,62,68,2,74,37), (110,27,75,15,30,60,95,80,14,49,32), (89,81,100,121,98,10,84,42,96,51,109), (55,78,90,35,72,105,18,108,7,76,71), (5,11,117,45,70,112,88,48,21,17,56), (107,54,39,66,36,102,20,114,28,64,34), (65,22,25,33,99,6,85,104,24,16,82), (113,13,63,53,91,52,58,87,38,83,29), (1,9,26,106,79,77,19,57,116,119,41)
487748
(118,31,3,93,46,12,86,73,103,101,97), (43,59,4,23,115,8,92,94,61,111,47), (50,67,69,40,120,44,62,68,2,74,37), (110,27,75,15,30,60,95,80,14,49,32), (89,81,100,63,98,10,84,42,96,51,109), (55,78,90,35,72,105,18,108,7,76,71), (5,11,117,45,70,112,88,48,21,17,56), (107,54,39,66,36,102,20,114,28,64,34), (65,22,25,33,99,6,85,104,24,16,82), (113,13,121,53,91,52,58,87,38,83,29), (1,9,26,106,79,77,19,57,116,119,41)
484878
(118,31,3,93,46,12,86,73,103,101,97), (43,59,4,23,115,8,92,94,61,111,47), (50,67,69,40,120,44,62,68,2,74,37), (110,27,75,15,30,60,24,80,14,49,32), (89,81,100,63,98,10,84,42,96,51,109), (55,78,90,35,72,105,18,108,7,76,71), (5,11,117,45,70,112,88,48,21,17,56), (107,54,39,66,36,102,20,114,28,64,34), (65,22,25,33,99,6,85,104,95,16,82), (113,13,121,53,91,52,58,87,38,83,29), (1,9,26,106,79,77,19,57,116,119,41)
482150
(118,31,3,93,46,12,86,73,103,101,97), (43,59,4,23,115,8,92,94,61,111,47), (50,67,69,40,120,44,62,68,2,74,37), (110,27,75,15,30,60,24,80,14,49,32), (89,81,100,63,98,10,84,42,96,51,109), (55,78,90,35,72,105,18,108,7,76,119), (5,11,117,45,70,112,88,48,21,17,56), (107,54,39,66,36,102,20,114,28,64,34), (65,22,25,33,99,6,85,104,95,16,82), (113,13,121,53,91,52,58,87,38,83,29), (1,9,26,106,79,77,19,57,116,71,41)
479585
(118,31,3,93,46,12,86,73,103,101,97), (43,59,4,23,115,8,92,94,61,111,47), (50,67,69,40,120,44,62,68,2,74,37), (25,27,75,15,30,60,24,80,14,49,32), (89,81,100,63,98,10,84,42,96,51,109), (55,78,90,35,72,105,18,108,7,76,119), (5,11,117,45,70,112,88,48,21,17,56), (107,54,39,66,36,102,20,114,28,64,34), (65,22,110,33,99,6,85,104,95,16,82), (113,13,121,53,91,52,58,87,38,83,29), (1,9,26,106,79,77,19,57,116,71,41)
476765
(118,31,3,93,46,12,86,73,103,101,97), (43,59,4,23,115,8,92,94,61,111,47), (50,67,69,40,120,6,62,68,2,74,37), (25,27,75,15,30,60,24,80,14,49,32), (89,81,100,63,98,10,84,42,96,51,109), (55,78,90,35,72,105,18,108,7,76,119), (5,11,117,45,70,112,88,48,21,17,56), (107,54,39,66,36,102,20,114,28,64,34), (65,22,110,33,99,44,85,104,95,16,82), (113,13,121,53,91,52,58,87,38,83,29), (1,9,26,106,79,77,19,57,116,71,41)
474457
(118,31,3,93,46,62,86,73,103,101,97), (43,59,4,23,115,8,92,94,61,111,47), (50,67,69,40,120,6,12,68,2,74,37), (25,27,75,15,30,60,24,80,14,49,32), (89,81,100,63,98,10,84,42,96,51,109), (55,78,90,35,72,105,18,108,7,76,119), (5,11,117,45,70,112,88,48,21,17,56), (107,54,39,66,36,102,20,114,28,64,34), (65,22,110,33,99,44,85,104,95,16,82), (113,13,121,53,91,52,58,87,38,83,29), (1,9,26,106,79,77,19,57,116,71,41)
472339
(118,31,3,93,46,62,86,73,103,101,97), (43,59,4,23,115,8,92,94,61,111,47), (50,67,69,40,10,6,12,68,2,74,37), (25,27,75,15,30,60,24,80,14,49,32), (89,81,100,63,98,120,84,42,96,51,109), (55,78,90,35,72,105,18,108,7,76,119), (5,11,117,45,70,112,88,48,21,17,56), (107,54,39,66,36,102,20,114,28,64,34), (65,22,110,33,99,44,85,104,95,16,82), (113,13,121,53,91,52,58,87,38,83,29), (1,9,26,106,79,77,19,57,116,71,41)
470405
(118,31,3,93,46,62,86,73,103,101,97), (43,59,4,23,115,8,92,94,61,111,47), (50,67,69,40,10,6,12,56,2,74,37), (25,27,75,15,30,60,24,80,14,49,32), (89,81,100,63,98,120,84,42,96,51,109), (55,78,90,35,72,105,18,108,7,76,119), (5,11,117,45,70,112,88,48,21,17,68), (107,54,39,66,36,102,20,114,28,64,34), (65,22,110,33,99,44,85,104,95,16,82), (113,13,121,53,91,52,58,87,38,83,29), (1,9,26,106,79,77,19,57,116,71,41)
468597
(118,31,3,93,46,62,86,73,103,101,97), (43,59,4,23,115,8,92,94,61,111,47), (50,67,69,40,10,6,12,56,2,74,37), (25,27,75,15,30,60,24,80,14,49,32), (89,81,100,63,98,120,84,42,96,51,109), (55,78,90,35,72,105,18,108,7,76,119), (5,9,117,45,70,112,88,48,21,17,68), (107,54,39,66,36,102,20,114,28,64,34), (65,22,110,33,99,44,85,104,95,16,82), (113,13,121,53,91,52,58,87,38,83,29), (1,11,26,106,79,77,19,57,116,71,41)
466923
(118,31,3,93,46,62,86,73,103,101,97), (43,59,4,23,115,8,92,94,61,111,47), (50,67,69,40,10,6,12,56,2,74,37), (25,27,75,15,30,60,24,98,14,49,32), (89,81,100,63,80,120,84,42,96,51,109), (55,78,90,35,72,105,18,108,7,76,119), (5,9,117,45,70,112,88,48,21,17,68), (107,54,39,66,36,102,20,114,28,64,34), (65,22,110,33,99,44,85,104,95,16,82), (113,13,121,53,91,52,58,87,38,83,29), (1,11,26,106,79,77,19,57,116,71,41)
465317
(118,31,3,93,46,62,86,73,103,101,97), (43,59,4,23,115,8,92,94,61,111,47), (50,67,69,40,10,6,12,56,2,74,37), (25,27,75,15,30,60,24,98,14,49,32), (89,81,100,63,80,120,84,42,96,51,109), (55,45,90,35,72,105,18,108,7,76,119), (5,9,117,78,70,112,88,48,21,17,68), (107,54,39,66,36,102,20,114,28,64,34), (65,22,110,33,99,44,85,104,95,16,82), (113,13,121,53,91,52,58,87,38,83,29), (1,11,26,106,79,77,19,57,116,71,41)
463728
(67,31,3,93,46,62,86,73,103,101,97), (43,59,4,23,115,8,92,94,61,111,47), (50,118,69,40,10,6,12,56,2,74,37), (25,27,75,15,30,60,24,98,14,49,32), (89,81,100,63,80,120,84,42,96,51,109), (55,45,90,35,72,105,18,108,7,76,119), (5,9,117,78,70,112,88,48,21,17,68), (107,54,39,66,36,102,20,114,28,64,34), (65,22,110,33,99,44,85,104,95,16,82), (113,13,121,53,91,52,58,87,38,83,29), (1,11,26,106,79,77,19,57,116,71,41)
462216
(67,31,3,93,46,62,86,43,103,101,97), (73,59,4,23,115,8,92,94,61,111,47), (50,118,69,40,10,6,12,56,2,74,37), (25,27,75,15,30,60,24,98,14,49,32), (89,81,100,63,80,120,84,42,96,51,109), (55,45,90,35,72,105,18,108,7,76,119), (5,9,117,78,70,112,88,48,21,17,68), (107,54,39,66,36,102,20,114,28,64,34), (65,22,110,33,99,44,85,104,95,16,82), (113,13,121,53,91,52,58,87,38,83,29), (1,11,26,106,79,77,19,57,116,71,41)
460745
(67,31,3,93,46,62,86,43,103,101,97), (73,59,4,23,115,8,92,94,61,111,47), (50,118,69,40,10,6,12,56,2,74,37), (25,27,75,15,30,60,24,98,14,49,32), (89,81,100,63,80,120,84,42,96,51,109), (55,45,90,35,72,105,18,112,7,76,119), (5,9,117,78,70,108,88,48,21,17,68), (107,54,39,66,36,102,20,114,28,64,34), (65,22,110,33,99,44,85,104,95,16,82), (113,13,121,53,91,52,58,87,38,83,29), (1,11,26,106,79,77,19,57,116,71,41)
459419
(67,31,3,93,46,62,86,43,103,101,97), (73,59,4,23,115,8,92,94,61,111,47), (50,118,69,40,10,6,12,56,2,74,37), (25,27,75,15,30,60,24,98,14,49,32), (89,81,100,63,80,120,84,42,96,51,109), (55,45,90,35,72,105,18,112,7,76,119), (5,9,117,78,70,108,88,48,21,17,68), (107,54,39,66,36,102,20,114,28,64,34), (65,22,110,33,99,44,85,104,95,16,82), (113,13,121,26,91,52,58,87,38,83,29), (1,11,53,106,79,77,19,57,116,71,41)
458112
(67,31,3,93,46,62,86,43,103,101,97), (73,59,4,23,115,8,92,94,61,111,47), (9,118,69,40,10,6,12,56,2,74,37), (25,27,75,15,30,60,24,98,14,49,32), (89,81,100,63,80,120,84,42,96,51,109), (55,45,90,35,72,105,18,112,7,76,119), (5,50,117,78,70,108,88,48,21,17,68), (107,54,39,66,36,102,20,114,28,64,34), (65,22,110,33,99,44,85,104,95,16,82), (113,13,121,26,91,52,58,87,38,83,29), (1,11,53,106,79,77,19,57,116,71,41)
456848
(67,31,3,93,46,62,86,43,103,101,97), (73,59,4,23,115,8,92,94,61,111,47), (9,118,69,40,10,6,12,56,2,74,37), (25,27,75,15,30,60,24,98,14,49,32), (89,81,100,63,80,120,84,42,96,51,109), (55,45,90,35,72,105,18,112,7,64,119), (5,50,117,78,70,108,88,48,21,17,68), (107,54,39,66,36,102,20,114,28,76,34), (65,22,110,33,99,44,85,104,95,16,82), (113,13,121,26,91,52,58,87,38,83,29), (1,11,53,106,79,77,19,57,116,71,41)
455591
(67,31,3,93,46,62,86,43,103,101,97), (73,59,4,23,115,8,92,94,61,111,47), (9,118,69,40,10,6,12,56,2,74,37), (25,27,75,15,30,60,24,98,14,49,32), (89,81,100,63,80,120,84,42,96,51,109), (55,45,90,35,72,105,18,112,7,64,119), (5,50,117,78,70,108,88,48,21,17,68), (107,54,39,66,36,104,20,114,28,76,34), (65,22,110,33,99,44,85,102,95,16,82), (113,13,121,26,91,52,58,87,38,83,29), (1,11,53,106,79,77,19,57,116,71,41)
454431
(67,31,3,93,46,62,86,43,103,101,97), (73,59,4,23,115,8,92,94,61,111,47), (9,118,69,40,10,6,12,56,2,74,37), (25,27,75,15,30,60,24,98,14,49,7), (89,81,100,63,80,120,84,42,96,51,109), (55,45,90,35,72,105,18,112,32,64,119), (5,50,117,78,70,108,88,48,21,17,68), (107,54,39,66,36,104,20,114,28,76,34), (65,22,110,33,99,44,85,102,95,16,82), (113,13,121,26,91,52,58,87,38,83,29), (1,11,53,106,79,77,19,57,116,71,41)
453369
(67,31,3,93,46,62,86,43,103,101,97), (73,59,4,23,115,8,92,94,61,111,47), (9,118,69,40,10,6,12,56,2,74,37), (25,27,75,15,30,60,24,98,14,49,7), (89,81,100,63,80,120,84,42,96,51,109), (55,45,90,35,72,105,18,112,32,64,119), (5,50,117,78,70,108,88,48,21,17,68), (107,54,39,66,36,104,20,114,28,76,34), (65,22,110,33,99,44,85,102,58,16,82), (113,13,121,26,91,52,95,87,38,83,29), (1,11,53,106,79,77,19,57,116,71,41)
452373
(67,31,3,93,46,62,86,43,103,101,97), (73,59,4,23,115,8,92,94,61,111,47), (9,118,69,40,10,6,12,56,2,74,37), (25,27,75,54,30,60,24,98,14,49,7), (89,81,100,63,80,120,84,42,96,51,109), (55,45,90,35,72,105,18,112,32,64,119), (5,50,117,78,70,108,88,48,21,17,68), (107,15,39,66,36,104,20,114,28,76,34), (65,22,110,33,99,44,85,102,58,16,82), (113,13,121,26,91,52,95,87,38,83,29), (1,11,53,106,79,77,19,57,116,71,41)
451221
(67,31,3,93,46,62,86,43,103,101,97), (73,59,4,23,115,8,92,94,61,111,47), (9,118,69,40,10,6,12,56,2,74,37), (25,27,75,54,30,60,24,98,14,49,7), (89,81,100,63,80,120,84,42,96,51,109), (15,45,90,35,72,105,18,112,32,64,119), (5,50,117,78,70,108,88,48,21,17,68), (107,55,39,66,36,104,20,114,28,76,34), (65,22,110,33,99,44,85,102,58,16,82), (113,13,121,26,91,52,95,87,38,83,29), (1,11,53,106,79,77,19,57,116,71,41)
450159
(67,31,3,93,46,62,86,43,103,101,97), (73,59,4,23,115,8,92,94,61,111,47), (9,118,69,18,10,6,12,56,2,74,37), (25,27,75,54,30,60,24,98,14,49,7), (89,81,100,63,80,120,84,42,96,51,109), (15,45,90,35,72,105,40,112,32,64,119), (5,50,117,78,70,108,88,48,21,17,68), (107,55,39,66,36,104,20,114,28,76,34), (65,22,110,33,99,44,85,102,58,16,82), (113,13,121,26,91,52,95,87,38,83,29), (1,11,53,106,79,77,19,57,116,71,41)
449160
(67,31,3,93,46,62,86,43,103,101,97), (73,59,4,23,115,8,92,94,61,111,47), (9,118,69,18,10,6,12,21,2,74,37), (25,27,75,54,30,60,24,98,14,49,7), (89,81,100,63,80,120,84,42,96,51,109), (15,45,90,35,72,105,40,112,32,64,119), (5,50,117,78,70,108,88,48,56,17,68), (107,55,39,66,36,104,20,114,28,76,34), (65,22,110,33,99,44,85,102,58,16,82), (113,13,121,26,91,52,95,87,38,83,29), (1,11,53,106,79,77,19,57,116,71,41)
448247
(67,31,3,93,46,62,86,43,103,101,97), (73,59,4,23,115,8,92,94,61,111,47), (9,118,69,18,10,6,12,21,2,74,37), (25,27,75,54,30,60,24,98,14,49,7), (89,81,100,63,80,120,84,42,96,51,109), (15,45,90,35,72,105,40,112,32,64,119), (5,50,117,78,70,108,36,48,56,17,68), (107,55,39,66,88,104,20,114,28,76,34), (65,22,110,33,99,44,85,102,58,16,82), (113,13,121,26,91,52,95,87,38,83,29), (1,11,53,106,79,77,19,57,116,71,41)
447391
(67,31,3,93,46,62,86,43,103,101,97), (73,59,4,23,115,8,92,94,61,111,47), (9,118,69,18,10,6,12,21,2,74,37), (25,27,75,54,30,60,24,98,14,49,7), (89,81,100,63,80,120,84,42,96,51,109), (15,45,90,35,72,105,40,112,32,64,119), (5,50,117,78,70,108,36,48,56,17,68), (107,55,39,66,88,104,20,114,28,76,34), (65,22,110,33,99,44,85,102,116,16,82), (113,13,121,26,91,52,95,87,38,83,29), (1,11,53,106,79,77,19,57,58,71,41)
446552
(67,31,3,93,46,62,86,43,103,101,97), (73,59,4,23,115,8,92,94,61,111,47), (9,118,69,18,10,6,12,21,2,74,37), (25,27,75,54,30,60,24,98,14,49,7), (89,81,100,63,80,120,84,42,96,51,109), (15,45,90,35,72,105,40,112,32,64,119), (5,50,117,78,70,108,36,48,56,68,17), (107,55,39,66,88,104,20,114,28,76,34), (65,22,110,33,99,44,85,102,116,16,82), (113,13,121,26,91,52,95,87,38,83,29), (1,11,53,106,79,77,19,57,58,71,41)
445818
(67,31,3,93,46,62,86,43,103,101,97), (73,59,4,23,115,8,92,94,61,111,47), (9,118,69,18,10,6,12,21,2,74,37), (25,27,75,54,30,60,24,98,14,49,7), (89,81,100,63,80,120,84,42,96,51,109), (15,45,90,35,72,105,40,112,102,64,119), (5,50,117,78,70,108,36,48,56,68,17), (107,55,39,66,88,104,20,114,28,76,34), (65,22,110,33,99,44,85,32,116,16,82), (113,13,121,26,91,52,95,87,38,83,29), (1,11,53,106,79,77,19,57,58,71,41)
445152
(67,31,3,93,46,62,86,43,103,101,97), (73,59,4,23,69,8,92,94,61,111,47), (9,118,115,18,10,6,12,21,2,74,37), (25,27,75,54,30,60,24,98,14,49,7), (89,81,100,63,80,120,84,42,96,51,109), (15,45,90,35,72,105,40,112,102,64,119), (5,50,117,78,70,108,36,48,56,68,17), (107,55,39,66,88,104,20,114,28,76,34), (65,22,110,33,99,44,85,32,116,16,82), (113,13,121,26,91,52,95,87,38,83,29), (1,11,53,106,79,77,19,57,58,71,41)
444512
(67,31,3,93,46,62,86,43,103,101,97), (73,59,4,23,69,8,92,94,61,111,47), (9,118,115,18,10,6,12,21,2,74,37), (25,27,75,54,30,35,24,98,14,49,7), (89,81,100,63,80,120,84,42,96,51,109), (15,45,90,60,72,105,40,112,102,64,119), (5,50,117,78,70,108,36,48,56,68,17), (107,55,39,66,88,104,20,114,28,76,34), (65,22,110,33,99,44,85,32,116,16,82), (113,13,121,26,91,52,95,87,38,83,29), (1,11,53,106,79,77,19,57,58,71,41)
443886
(67,31,3,93,46,62,86,43,103,101,97), (73,59,4,23,69,8,92,94,61,111,47), (9,118,115,18,10,6,12,21,2,74,37), (25,27,75,54,30,35,24,98,14,49,7), (89,81,100,63,80,120,84,42,96,51,109), (15,45,90,60,72,105,40,112,102,64,119), (5,50,117,78,70,108,36,48,56,68,17), (107,55,39,66,88,104,20,114,28,85,34), (65,22,110,33,99,44,76,32,116,16,82), (113,13,121,26,91,52,95,87,38,83,29), (1,11,53,106,79,77,19,57,58,71,41)
443318
(67,31,23,93,46,62,86,43,103,101,97), (73,59,4,3,69,8,92,94,61,111,47), (9,118,115,18,10,6,12,21,2,74,37), (25,27,75,54,30,35,24,98,14,49,7), (89,81,100,63,80,120,84,42,96,51,109), (15,45,90,60,72,105,40,112,102,64,119), (5,50,117,78,70,108,36,48,56,68,17), (107,55,39,66,88,104,20,114,28,85,34), (65,22,110,33,99,44,76,32,116,16,82), (113,13,121,26,91,52,95,87,38,83,29), (1,11,53,106,79,77,19,57,58,71,41)
442796
(67,31,23,93,46,62,86,43,103,101,97), (73,59,4,3,69,8,92,94,111,61,47), (9,118,115,18,10,6,12,21,2,74,37), (25,27,75,54,30,35,24,98,14,49,7), (89,81,100,63,80,120,84,42,96,51,109), (15,45,90,60,72,105,40,112,102,64,119), (5,50,117,78,70,108,36,48,56,68,17), (107,55,39,66,88,104,20,114,28,85,34), (65,22,110,33,99,44,76,32,116,16,82), (113,13,121,26,91,52,95,87,38,83,29), (1,11,53,106,79,77,19,57,58,71,41)
442287
(67,31,23,93,46,62,86,43,103,101,97), (73,59,109,3,69,8,92,94,111,61,47), (9,118,115,18,10,6,12,21,2,74,37), (25,27,75,54,30,35,24,98,14,49,7), (89,81,100,63,80,120,84,42,96,51,4), (15,45,90,60,72,105,40,112,102,64,119), (5,50,117,78,70,108,36,48,56,68,17), (107,55,39,66,88,104,20,114,28,85,34), (65,22,110,33,99,44,76,32,116,16,82), (113,13,121,26,91,52,95,87,38,83,29), (1,11,53,106,79,77,19,57,58,71,41)
441681
(67,31,23,93,46,62,86,43,103,101,97), (73,59,9,3,69,8,92,94,111,61,47), (109,118,115,18,10,6,12,21,2,74,37), (25,27,75,54,30,35,24,98,14,49,7), (89,81,100,63,80,120,84,42,96,51,4), (15,45,90,60,72,105,40,112,102,64,119), (5,50,117,78,70,108,36,48,56,68,17), (107,55,39,66,88,104,20,114,28,85,34), (65,22,110,33,99,44,76,32,116,16,82), (113,13,121,26,91,52,95,87,38,83,29), (1,11,53,106,79,77,19,57,58,71,41)
441202
(67,31,23,93,46,62,86,43,103,101,97), (73,59,9,3,69,8,92,94,111,61,47), (109,118,115,18,10,6,12,21,2,74,37), (25,27,75,54,30,35,24,98,14,49,7), (89,81,100,63,108,120,84,42,96,51,4), (15,45,90,60,72,105,40,112,102,64,119), (5,50,117,78,70,80,36,48,56,68,17), (107,55,39,66,88,104,20,114,28,85,34), (65,22,110,33,99,44,76,32,116,16,82), (113,13,121,26,91,52,95,87,38,83,29), (1,11,53,106,79,77,19,57,58,71,41)
440692
(67,31,23,93,46,62,86,43,103,101,97), (73,59,9,3,69,8,92,94,111,61,47), (109,118,115,18,10,6,12,21,2,74,37), (25,27,75,54,30,35,24,98,14,49,7), (89,81,100,63,108,120,84,42,96,51,4), (15,45,90,60,72,105,40,112,102,64,119), (5,50,117,78,70,80,36,48,56,68,17), (107,55,99,66,88,104,20,114,28,85,34), (65,22,110,33,39,44,76,32,116,16,82), (113,13,121,26,91,52,95,87,38,83,29), (1,11,53,106,79,77,19,57,58,71,41)
440236
(67,31,23,93,46,62,86,43,103,101,97), (73,59,9,3,69,8,92,94,111,61,47), (109,118,115,18,10,6,12,21,2,74,37), (25,27,75,54,30,35,24,98,14,49,7), (89,81,100,63,108,120,84,42,112,51,4), (15,45,90,60,72,105,40,96,102,64,119), (5,50,117,78,70,80,36,48,56,68,17), (107,55,99,66,88,104,20,114,28,85,34), (65,22,110,33,39,44,76,32,116,16,82), (113,13,121,26,91,52,95,87,38,83,29), (1,11,53,106,79,77,19,57,58,71,41)
439799
(67,31,23,93,46,62,86,43,103,101,97), (73,59,9,3,69,92,8,94,111,61,47), (109,118,115,18,10,6,12,21,2,74,37), (25,27,75,54,30,35,24,98,14,49,7), (89,81,100,63,108,120,84,42,112,51,4), (15,45,90,60,72,105,40,96,102,64,119), (5,50,117,78,70,80,36,48,56,68,17), (107,55,99,66,88,104,20,114,28,85,34), (65,22,110,33,39,44,76,32,116,16,82), (113,13,121,26,91,52,95,87,38,83,29), (1,11,53,106,79,77,19,57,58,71,41)
439391
(67,31,23,93,46,62,86,43,103,101,97), (73,59,9,3,69,92,8,94,111,61,47), (109,118,115,18,10,6,12,21,2,74,37), (25,27,75,54,30,35,24,98,14,49,7), (89,81,100,63,108,120,84,42,112,51,4), (15,45,90,60,72,105,40,96,102,64,119), (5,50,117,78,70,80,36,48,56,68,17), (107,55,99,66,88,104,20,114,28,85,34), (121,22,110,33,39,44,76,32,116,16,82), (113,13,65,26,91,52,95,87,38,83,29), (1,11,53,106,79,77,19,57,58,71,41)
439029
(67,31,23,93,46,62,86,43,103,101,97), (73,59,9,3,69,92,8,94,111,61,47), (109,118,115,18,10,6,12,21,2,74,37), (25,27,75,54,30,35,24,98,14,49,7), (89,81,100,63,108,120,84,42,112,51,4), (15,45,90,60,72,105,40,96,102,64,119), (5,50,117,78,70,80,36,48,56,68,17), (107,55,99,66,88,104,20,114,28,85,34), (121,22,110,33,39,91,76,32,116,16,82), (113,13,65,26,44,52,95,87,38,83,29), (1,11,53,106,79,77,19,57,58,71,41)
438673
(67,31,23,93,46,62,86,43,103,101,97), (73,59,9,3,69,92,8,94,111,61,47), (109,118,115,18,10,6,12,21,2,74,37), (25,27,75,54,63,35,24,98,14,49,7), (89,81,100,30,108,120,84,42,112,51,4), (15,45,90,60,72,105,40,96,102,64,119), (5,50,117,78,70,80,36,48,56,68,17), (107,55,99,66,88,104,20,114,28,85,34), (121,22,110,33,39,91,76,32,116,16,82), (113,13,65,26,44,52,95,87,38,83,29), (1,11,53,106,79,77,19,57,58,71,41)
438304
(67,31,23,93,46,62,86,43,103,101,97), (73,59,9,3,69,92,8,94,111,61,47), (109,118,115,18,10,6,12,21,2,74,37), (25,27,75,54,63,35,24,98,14,49,7), (89,81,100,30,108,120,84,42,112,51,4), (15,45,90,60,72,105,40,96,102,28,119), (5,50,117,78,70,80,36,48,56,68,17), (107,55,99,66,88,104,20,114,64,85,34), (121,22,110,33,39,91,76,32,116,16,82), (113,13,65,26,44,52,95,87,38,83,29), (1,11,53,106,79,77,19,57,58,71,41)
437928
(67,31,23,93,46,62,86,43,103,101,97), (73,59,9,3,69,92,8,94,111,61,47), (109,118,115,18,10,6,12,21,2,74,37), (25,27,75,54,63,35,24,98,14,49,7), (89,81,100,30,108,105,84,42,112,51,4), (15,45,90,60,72,120,40,96,102,28,119), (5,50,117,78,70,80,36,48,56,68,17), (107,55,99,66,88,104,20,114,64,85,34), (121,22,110,33,39,91,76,32,116,16,82), (113,13,65,26,44,52,95,87,38,83,29), (1,11,53,106,79,77,19,57,58,71,41)
437576
(67,31,23,93,46,62,86,43,103,101,97), (73,59,9,3,69,92,8,94,111,61,47), (109,118,115,18,10,6,12,21,2,74,37), (25,27,75,54,63,35,24,98,14,49,7), (89,81,100,30,108,105,84,42,112,51,4), (15,45,90,60,72,120,40,96,102,28,119), (5,50,117,78,70,80,36,48,56,68,17), (107,55,99,66,88,104,20,114,64,85,34), (121,22,110,33,39,91,76,32,116,16,82), (113,13,65,26,44,52,95,87,38,83,29), (1,11,53,106,79,77,57,19,58,71,41)
437236
(67,31,23,93,46,62,86,43,103,101,97), (73,59,9,3,69,92,8,94,111,61,47), (109,118,115,18,10,6,12,21,2,74,37), (89,27,75,54,63,35,24,98,14,49,7), (25,81,100,30,108,105,84,42,112,51,4), (15,45,90,60,72,120,40,96,102,28,119), (5,50,117,78,70,80,36,48,56,68,17), (107,55,99,66,88,104,20,114,64,85,34), (121,22,110,33,39,91,76,32,116,16,82), (113,13,65,26,44,52,95,87,38,83,29), (1,11,53,106,79,77,57,19,58,71,41)
436914
(67,31,23,93,46,62,86,43,47,101,97), (73,59,9,3,69,92,8,94,111,61,103), (109,118,115,18,10,6,12,21,2,74,37), (89,27,75,54,63,35,24,98,14,49,7), (25,81,100,30,108,105,84,42,112,51,4), (15,45,90,60,72,120,40,96,102,28,119), (5,50,117,78,70,80,36,48,56,68,17), (107,55,99,66,88,104,20,114,64,85,34), (121,22,110,33,39,91,76,32,116,16,82), (113,13,65,26,44,52,95,87,38,83,29), (1,11,53,106,79,77,57,19,58,71,41)
436602
(67,31,23,93,46,62,86,43,47,101,97), (73,59,9,3,69,92,8,94,111,61,103), (109,118,115,18,10,6,12,21,2,74,37), (89,27,75,54,63,35,24,98,14,49,7), (25,81,100,30,108,105,84,42,112,51,4), (15,45,90,60,72,120,40,96,102,28,119), (5,50,117,78,70,80,36,48,56,68,17), (107,55,99,66,88,104,20,114,64,85,34), (121,22,110,33,39,91,76,32,116,16,82), (113,79,65,26,44,52,95,87,38,83,29), (1,11,53,106,13,77,57,19,58,71,41)
436176
(67,31,23,93,46,62,86,43,47,101,97), (73,59,9,3,69,92,8,94,111,61,103), (109,118,115,18,10,6,12,21,2,74,37), (89,27,75,54,63,35,24,98,14,49,7), (25,81,100,30,108,105,84,42,112,51,4), (15,45,90,60,72,120,40,96,102,28,119), (5,50,117,78,70,80,36,48,56,68,17), (107,55,99,66,88,104,20,114,64,85,34), (121,22,110,33,39,91,76,32,116,16,82), (113,79,65,77,44,52,95,87,38,83,29), (1,11,53,106,13,26,57,19,58,71,41)
435740
(67,31,23,93,46,62,86,43,47,101,97), (73,59,9,3,69,92,8,94,111,61,103), (109,118,115,18,10,6,12,21,2,74,37), (89,27,75,54,63,35,24,98,14,49,7), (25,81,100,30,108,105,84,42,112,51,4), (15,45,90,60,72,120,40,96,102,28,119), (5,50,117,78,70,80,36,48,56,68,17), (107,55,99,66,88,104,20,114,64,85,34), (121,22,110,33,77,91,76,32,116,16,82), (113,79,65,39,44,52,95,87,38,83,29), (1,11,53,106,13,26,57,19,58,71,41)
435380
(67,31,23,93,46,62,86,43,47,101,97), (73,59,9,3,69,92,8,94,111,61,103), (109,118,115,18,10,6,12,21,2,74,37), (89,27,75,54,63,35,24,98,14,49,7), (25,81,100,30,108,105,84,42,112,51,4), (15,45,90,60,72,120,40,96,102,28,119), (5,50,117,78,70,80,36,48,56,68,17), (107,55,99,66,88,104,20,114,64,85,34), (121,22,110,33,77,91,76,32,116,16,82), (113,11,65,39,44,52,95,87,38,83,29), (1,79,53,106,13,26,57,19,58,71,41)
435072
(67,31,23,93,46,62,86,43,47,101,97), (73,59,9,3,69,92,8,94,111,61,103), (109,118,115,18,10,6,12,21,2,74,37), (89,27,75,54,63,35,24,98,14,49,7), (25,81,100,30,108,105,84,42,112,51,4), (15,45,90,60,72,120,40,96,102,28,119), (5,50,117,78,70,80,36,48,56,68,17), (107,55,99,66,88,104,20,114,64,85,34), (121,22,110,33,77,91,76,32,116,16,82), (113,11,65,39,44,52,95,87,38,29,83), (1,79,53,106,13,26,57,19,58,71,41)
434787
(67,31,23,93,46,62,86,43,47,101,97), (73,59,9,3,69,92,8,94,111,61,103), (109,118,115,10,18,6,12,21,2,74,37), (89,27,75,54,63,35,24,98,14,49,7), (25,81,100,30,108,105,84,42,112,51,4), (15,45,90,60,72,120,40,96,102,28,119), (5,50,117,78,70,80,36,48,56,68,17), (107,55,99,66,88,104,20,114,64,85,34), (121,22,110,33,77,91,76,32,116,16,82), (113,11,65,39,44,52,95,87,38,29,83), (1,79,53,106,13,26,57,19,58,71,41)
434539
(67,31,23,93,46,62,86,43,47,101,97), (73,59,9,3,69,92,2,94,111,61,103), (109,118,115,10,18,6,12,21,8,74,37), (89,27,75,54,63,35,24,98,14,49,7), (25,81,100,30,108,105,84,42,112,51,4), (15,45,90,60,72,120,40,96,102,28,119), (5,50,117,78,70,80,36,48,56,68,17), (107,55,99,66,88,104,20,114,64,85,34), (121,22,110,33,77,91,76,32,116,16,82), (113,11,65,39,44,52,95,87,38,29,83), (1,79,53,106,13,26,57,19,58,71,41)
434294
(67,31,23,93,46,62,86,43,47,101,97), (73,59,9,3,69,92,2,94,111,61,103), (109,118,115,10,18,6,12,21,8,74,37), (89,27,75,54,63,35,24,98,14,49,7), (25,81,100,30,108,105,84,42,112,51,4), (15,45,90,60,72,120,40,96,102,28,119), (5,50,117,78,70,80,36,48,56,68,17), (107,55,99,66,88,104,20,114,64,85,34), (121,22,33,110,77,91,76,32,116,16,82), (113,11,65,39,44,52,95,87,38,29,83), (1,79,53,106,13,26,57,19,58,71,41)
434061
(67,31,23,93,46,62,86,43,47,101,97), (73,59,9,3,69,92,2,94,111,61,103), (109,118,115,10,18,6,12,21,8,74,37), (89,27,75,54,63,35,24,98,14,49,7), (25,81,100,30,108,105,84,42,112,51,4), (15,45,90,60,72,120,40,96,102,28,119), (5,50,110,78,70,80,36,48,56,68,17), (107,55,99,66,88,104,20,114,64,85,34), (121,22,33,117,77,91,76,32,116,16,82), (113,11,65,39,44,52,95,87,38,29,83), (1,79,53,106,13,26,57,19,58,71,41)
433841
(67,31,23,93,46,62,86,43,47,101,97), (73,59,9,3,69,92,2,94,111,61,103), (109,118,115,10,18,6,12,21,8,74,37), (89,27,75,54,63,35,24,98,14,49,7), (25,81,100,30,108,105,84,42,112,51,4), (15,45,90,60,72,120,40,96,102,28,119), (5,50,110,20,70,80,36,48,56,68,17), (107,55,99,66,88,104,78,114,64,85,34), (121,22,33,117,77,91,76,32,116,16,82), (113,11,65,39,44,52,95,87,38,29,83), (1,79,53,106,13,26,57,19,58,71,41)
433519
(67,31,23,93,46,62,86,43,47,101,97), (73,59,9,3,69,92,2,94,111,61,103), (109,118,115,10,18,6,12,21,8,74,37), (89,27,75,54,63,35,24,98,14,49,7), (25,81,100,30,108,105,84,42,112,51,4), (15,45,90,60,72,120,40,96,102,28,119), (5,50,110,20,70,80,36,48,56,68,17), (107,55,99,66,88,78,104,114,64,85,34), (121,22,33,117,77,91,76,32,116,16,82), (113,11,65,39,44,52,95,87,38,29,83), (1,79,53,106,13,26,57,19,58,71,41)
433331
(67,31,23,93,46,62,86,43,47,101,97), (73,59,9,3,69,92,2,94,111,61,103), (109,118,115,10,18,6,12,21,8,74,37), (89,27,75,54,63,35,24,98,14,49,7), (25,81,100,30,108,105,84,42,112,51,4), (15,45,90,60,72,120,40,96,102,28,119), (5,50,110,20,70,80,36,48,56,68,17), (107,55,99,66,88,78,104,114,64,85,34), (121,22,33,117,77,91,76,32,116,16,82), (113,11,65,39,44,52,95,87,38,58,83), (1,79,53,106,13,26,57,19,29,71,41)
433162
(67,31,23,93,46,62,86,43,47,101,97), (73,59,9,3,69,92,2,94,111,61,103), (109,118,115,10,18,6,12,21,8,74,37), (89,27,75,54,63,35,24,98,14,49,7), (25,81,100,30,108,105,84,42,112,51,4), (15,45,90,60,72,120,40,96,102,28,119), (5,50,110,20,70,80,36,48,56,68,34), (107,55,99,66,88,78,104,114,64,85,17), (121,22,33,117,77,91,76,32,116,16,82), (113,11,65,39,44,52,95,87,38,58,83), (1,79,53,106,13,26,57,19,29,71,41)
432994
(67,31,23,93,46,62,86,43,47,101,97), (73,59,9,3,69,92,2,94,111,61,103), (109,118,115,10,18,6,12,21,8,74,37), (89,27,75,54,63,35,24,98,14,49,7), (25,81,100,30,108,105,84,42,112,51,4), (15,45,90,60,72,120,36,96,102,28,119), (5,50,110,20,70,80,40,48,56,68,34), (107,55,99,66,88,78,104,114,64,85,17), (121,22,33,117,77,91,76,32,116,16,82), (113,11,65,39,44,52,95,87,38,58,83), (1,79,53,106,13,26,57,19,29,71,41)
432850
(67,31,23,93,46,62,86,43,47,101,97), (73,59,9,3,69,92,2,94,111,37,103), (109,118,115,10,18,6,12,21,8,74,61), (89,27,75,54,63,35,24,98,14,49,7), (25,81,100,30,108,105,84,42,112,51,4), (15,45,90,60,72,120,36,96,102,28,119), (5,50,110,20,70,80,40,48,56,68,34), (107,55,99,66,88,78,104,114,64,85,17), (121,22,33,117,77,91,76,32,116,16,82), (113,11,65,39,44,52,95,87,38,58,83), (1,79,53,106,13,26,57,19,29,71,41)
432718
(67,31,23,93,46,62,86,43,47,101,97), (73,59,9,3,69,92,2,94,111,37,103), (109,118,115,81,18,6,12,21,8,74,61), (89,27,75,54,63,35,24,98,14,49,7), (25,10,100,30,108,105,84,42,112,51,4), (15,45,90,60,72,120,36,96,102,28,119), (5,50,110,20,70,80,40,48,56,68,34), (107,55,99,66,88,78,104,114,64,85,17), (121,22,33,117,77,91,76,32,116,16,82), (113,11,65,39,44,52,95,87,38,58,83), (1,79,53,106,13,26,57,19,29,71,41)
432593
(67,31,23,93,46,62,86,43,47,101,97), (73,59,9,3,69,92,2,94,111,37,103), (109,118,115,81,18,6,12,21,8,74,61), (89,27,75,54,63,35,24,98,14,49,7), (25,10,20,30,108,105,84,42,112,51,4), (15,45,90,60,72,120,36,96,102,28,119), (5,50,110,100,70,80,40,48,56,68,34), (107,55,99,66,88,78,104,114,64,85,17), (121,22,33,117,77,91,76,32,116,16,82), (113,11,65,39,44,52,95,87,38,58,83), (1,79,53,106,13,26,57,19,29,71,41)
432448
(67,31,23,93,46,62,86,43,47,101,97), (73,59,9,3,69,92,2,94,111,37,103), (109,118,115,81,18,6,12,21,8,74,61), (89,27,75,54,63,35,24,98,14,49,7), (25,10,20,30,108,105,84,42,112,51,4), (15,45,90,60,72,120,36,96,102,28,119), (5,50,99,100,70,80,40,48,56,68,34), (107,55,110,66,88,78,104,114,64,85,17), (121,22,33,117,77,91,76,32,116,16,82), (113,11,65,39,44,52,95,87,38,58,83), (1,79,53,106,13,26,57,19,29,71,41)
432311
(67,31,23,93,46,62,86,43,47,101,97), (73,59,9,3,69,92,2,94,111,37,103), (109,118,115,81,18,6,12,21,8,74,61), (89,27,75,54,63,35,24,98,14,49,7), (25,10,20,30,108,105,84,42,112,51,4), (15,45,90,60,72,120,36,96,102,28,119), (5,99,50,100,70,80,40,48,56,68,34), (107,55,110,66,88,78,104,114,64,85,17), (121,22,33,117,77,91,76,32,116,16,82), (113,11,65,39,44,52,95,87,38,58,83), (1,79,53,106,13,26,57,19,29,71,41)
432191
(67,31,23,93,46,62,86,43,47,101,97), (73,59,9,3,69,92,2,94,111,37,103), (109,118,115,81,18,6,12,21,8,74,61), (89,27,75,54,63,35,24,28,14,49,7), (25,10,20,30,108,105,84,42,112,51,4), (15,45,90,60,72,120,36,96,102,98,119), (5,99,50,100,70,80,40,48,56,68,34), (107,55,110,66,88,78,104,114,64,85,17), (121,22,33,117,77,91,76,32,116,16,82), (113,11,65,39,44,52,95,87,38,58,83), (1,79,53,106,13,26,57,19,29,71,41)
431903
(67,31,23,93,46,62,86,43,47,101,97), (73,59,9,3,69,92,2,94,111,37,103), (109,118,115,81,18,6,12,21,98,74,61), (89,27,75,54,63,35,24,28,14,49,7), (25,10,20,30,108,105,84,42,112,51,4), (15,45,90,60,72,120,36,96,102,8,119), (5,99,50,100,70,80,40,48,56,68,34), (107,55,110,66,88,78,104,114,64,85,17), (121,22,33,117,77,91,76,32,116,16,82), (113,11,65,39,44,52,95,87,38,58,83), (1,79,53,106,13,26,57,19,29,71,41)
431739
(67,31,23,93,46,62,86,43,47,101,97), (73,59,9,3,69,92,2,94,111,37,103), (109,118,115,81,18,6,12,21,98,74,61), (89,27,75,54,63,35,24,28,14,49,7), (25,10,20,30,108,105,84,42,112,51,4), (15,45,90,60,72,120,36,96,102,85,119), (5,99,50,100,70,80,40,48,56,68,34), (107,55,110,66,88,78,104,114,64,8,17), (121,22,33,117,77,91,76,32,116,16,82), (113,11,65,39,44,52,95,87,38,58,83), (1,79,53,106,13,26,57,19,29,71,41)
431581
(67,31,23,93,46,62,86,43,47,101,97), (73,59,9,3,69,92,2,94,111,37,103), (109,118,115,81,18,6,12,21,98,74,61), (89,27,75,54,63,35,24,28,14,49,7), (25,10,20,30,108,105,84,42,112,51,4), (15,45,90,60,72,120,36,96,102,85,119), (5,99,50,100,70,80,40,48,56,68,34), (107,55,110,66,88,78,91,114,64,8,17), (121,22,33,117,77,104,76,32,116,16,82), (113,11,65,39,44,52,95,87,38,58,83), (1,79,53,106,13,26,57,19,29,71,41)
431413
(67,31,23,93,46,62,86,43,47,101,97), (73,59,9,3,69,92,2,94,111,37,103), (109,118,115,81,18,6,12,21,98,74,61), (89,27,75,54,63,35,24,28,14,49,7), (25,10,20,30,108,105,84,42,112,51,4), (15,45,90,60,72,70,36,96,102,85,119), (5,99,50,100,120,80,40,48,56,68,34), (107,55,110,66,88,78,91,114,64,8,17), (121,22,33,117,77,104,76,32,116,16,82), (113,11,65,39,44,52,95,87,38,58,83), (1,79,53,106,13,26,57,19,29,71,41)
431266
(67,31,23,93,46,62,86,43,47,101,97), (73,59,9,3,69,92,2,94,111,37,103), (109,118,115,81,18,6,12,21,98,74,61), (89,27,75,54,63,35,24,28,14,49,7), (25,10,20,30,108,105,84,42,112,51,4), (15,45,90,60,72,70,36,96,102,85,119), (5,99,50,100,120,80,40,48,56,68,34), (107,55,110,66,88,78,114,91,64,8,17), (121,22,33,117,77,104,76,32,116,16,82), (113,11,65,39,44,52,95,87,38,58,83), (1,79,53,106,13,26,57,19,29,71,41)
431099
(67,31,23,93,46,62,86,43,47,101,97), (73,59,9,3,69,92,2,94,111,37,103), (109,118,115,81,18,6,12,21,98,74,61), (89,27,75,54,63,35,24,28,14,49,7), (25,10,20,30,108,105,84,42,112,51,4), (15,45,90,60,72,70,36,96,102,85,119), (5,99,50,100,120,80,40,48,56,68,34), (107,55,110,66,88,78,114,32,64,8,17), (121,22,33,117,77,104,76,91,116,16,82), (113,11,65,39,44,52,95,87,38,58,83), (1,79,53,106,13,26,57,19,29,71,41)
430860
(67,31,23,93,46,62,86,43,47,101,97), (73,59,9,3,69,92,2,94,111,37,103), (109,118,115,81,18,6,12,21,98,74,61), (89,27,75,54,63,35,24,28,14,49,7), (25,10,20,30,108,105,84,42,112,51,4), (15,45,90,60,72,70,36,96,102,85,119), (5,99,50,100,120,80,40,48,56,68,34), (107,55,110,66,88,78,114,32,64,8,17), (121,22,33,117,77,104,91,76,116,16,82), (113,11,65,39,44,52,95,87,38,58,83), (1,79,53,106,13,26,57,19,29,71,41)
430740
(67,31,23,93,46,62,86,43,47,101,97), (73,59,9,3,69,92,2,94,111,37,103), (109,118,115,81,18,6,12,21,98,74,61), (89,27,75,54,63,35,24,28,14,49,7), (25,10,20,30,108,105,84,42,112,51,4), (15,45,90,60,72,70,36,96,102,85,119), (5,99,50,100,120,80,40,48,56,68,34), (107,55,110,66,88,78,114,32,64,8,17), (121,22,33,117,77,104,91,76,116,16,82), (113,11,65,39,44,52,95,87,38,58,41), (1,79,53,106,13,26,57,19,29,71,83)
430623
(67,31,23,93,46,62,86,43,47,101,97), (73,59,9,3,69,92,2,111,94,37,103), (109,118,115,81,18,6,12,21,98,74,61), (89,27,75,54,63,35,24,28,14,49,7), (25,10,20,30,108,105,84,42,112,51,4), (15,45,90,60,72,70,36,96,102,85,119), (5,99,50,100,120,80,40,48,56,68,34), (107,55,110,66,88,78,114,32,64,8,17), (121,22,33,117,77,104,91,76,116,16,82), (113,11,65,39,44,52,95,87,38,58,41), (1,79,53,106,13,26,57,19,29,71,83)
430527
(67,31,23,93,46,62,86,43,47,101,97), (73,59,9,3,69,92,2,111,94,37,103), (109,118,115,81,18,6,12,21,98,74,61), (89,27,75,54,63,35,24,28,14,49,7), (25,45,20,30,108,105,84,42,112,51,4), (15,10,90,60,72,70,36,96,102,85,119), (5,99,50,100,120,80,40,48,56,68,34), (107,55,110,66,88,78,114,32,64,8,17), (121,22,33,117,77,104,91,76,116,16,82), (113,11,65,39,44,52,95,87,38,58,41), (1,79,53,106,13,26,57,19,29,71,83)
430445
(67,31,23,93,46,62,86,43,47,101,97), (73,59,9,3,69,92,2,111,94,37,103), (109,118,115,81,18,6,12,21,98,74,61), (89,27,75,54,63,35,24,28,14,49,7), (25,45,20,30,108,105,84,42,112,51,4), (15,10,90,60,72,70,96,36,102,85,119), (5,99,50,100,120,80,40,48,56,68,34), (107,55,110,66,88,78,114,32,64,8,17), (121,22,33,117,77,104,91,76,116,16,82), (113,11,65,39,44,52,95,87,38,58,41), (1,79,53,106,13,26,57,19,29,71,83)
430366
(67,31,23,93,62,46,86,43,47,101,97), (73,59,9,3,69,92,2,111,94,37,103), (109,118,115,81,18,6,12,21,98,74,61), (89,27,75,54,63,35,24,28,14,49,7), (25,45,20,30,108,105,84,42,112,51,4), (15,10,90,60,72,70,96,36,102,85,119), (5,99,50,100,120,80,40,48,56,68,34), (107,55,110,66,88,78,114,32,64,8,17), (121,22,33,117,77,104,91,76,116,16,82), (113,11,65,39,44,52,95,87,38,58,41), (1,79,53,106,13,26,57,19,29,71,83)
430288
(67,31,23,93,62,46,86,43,47,101,97), (73,59,118,3,69,92,2,111,94,37,103), (109,9,115,81,18,6,12,21,98,74,61), (89,27,75,54,63,35,24,28,14,49,7), (25,45,20,30,108,105,84,42,112,51,4), (15,10,90,60,72,70,96,36,102,85,119), (5,99,50,100,120,80,40,48,56,68,34), (107,55,110,66,88,78,114,32,64,8,17), (121,22,33,117,77,104,91,76,116,16,82), (113,11,65,39,44,52,95,87,38,58,41), (1,79,53,106,13,26,57,19,29,71,83)
430216
(67,31,23,93,62,46,86,43,47,101,97), (73,59,118,3,69,92,2,111,94,37,103), (109,9,115,81,18,6,12,21,98,74,61), (89,27,75,54,63,35,24,28,14,49,7), (25,45,20,30,108,105,84,42,112,51,4), (15,10,90,60,72,70,96,36,102,85,119), (5,99,50,100,120,80,40,48,56,68,34), (107,55,110,66,88,78,114,32,64,8,17), (121,22,33,117,77,104,91,76,116,16,82), (113,11,65,39,44,95,52,87,38,58,41), (1,79,53,106,13,26,57,19,29,71,83)
430133
(67,31,23,93,62,46,86,43,47,101,97), (73,59,118,3,69,92,2,111,94,37,103), (109,9,115,81,18,6,12,21,98,74,61), (89,27,75,54,63,35,24,28,14,49,7), (25,45,20,30,108,105,84,42,112,51,4), (15,10,90,60,72,70,96,36,102,85,119), (5,99,50,100,120,80,40,48,56,68,34), (107,55,110,66,88,78,114,32,64,8,17), (121,22,33,117,77,104,91,76,116,16,82), (113,11,65,44,39,95,52,87,38,58,41), (1,79,53,106,13,26,57,19,29,71,83)
430052
(67,31,23,93,62,46,86,43,47,101,97), (73,59,118,3,69,92,2,111,94,37,103), (109,9,115,81,18,6,12,21,98,74,61), (89,27,75,54,63,35,24,28,14,49,7), (25,45,20,30,108,105,84,42,112,51,4), (15,10,90,60,72,70,96,36,102,85,119), (5,99,50,100,120,80,40,48,56,68,34), (107,55,110,66,88,78,114,32,64,8,17), (121,22,33,117,77,104,91,76,116,16,82), (113,11,65,44,39,95,52,38,87,58,41), (1,79,53,106,13,26,57,19,29,71,83)
429983
(67,31,23,93,62,46,86,43,47,101,97), (73,59,118,3,69,92,2,111,94,37,103), (109,9,115,81,18,6,12,21,98,74,61), (89,27,75,54,63,35,24,28,14,49,7), (25,45,20,30,108,105,84,42,112,51,17), (15,10,90,60,72,70,96,36,102,85,119), (5,99,50,100,120,80,40,48,56,68,34), (107,55,110,66,88,78,114,32,64,8,4), (121,22,33,117,77,104,91,76,116,16,82), (113,11,65,44,39,95,52,38,87,58,41), (1,79,53,106,13,26,57,19,29,71,83)
429898
(67,31,23,93,62,46,86,43,47,101,97), (73,59,118,3,69,92,2,111,94,37,103), (109,9,115,81,18,6,12,21,98,74,61), (89,27,75,54,63,35,24,28,14,49,7), (25,45,20,30,108,105,84,42,102,51,17), (15,10,90,60,72,70,96,36,112,85,119), (5,99,50,100,120,80,40,48,56,68,34), (107,55,110,66,88,78,114,32,64,8,4), (121,22,33,117,77,104,91,76,116,16,82), (113,11,65,44,39,95,52,38,87,58,41), (1,79,53,106,13,26,57,19,29,71,83)
429826
(67,31,23,93,62,46,86,43,47,101,97), (73,59,118,3,69,92,2,111,94,37,103), (109,9,115,81,18,6,12,21,98,74,61), (89,27,75,54,63,35,24,28,14,49,7), (25,45,20,30,108,105,84,42,102,51,119), (15,10,90,60,72,70,96,36,112,85,17), (5,99,50,100,120,80,40,48,56,68,34), (107,55,110,66,88,78,114,32,64,8,4), (121,22,33,117,77,104,91,76,116,16,82), (113,11,65,44,39,95,52,38,87,58,41), (1,79,53,106,13,26,57,19,29,71,83)
429743
(67,31,23,93,62,46,86,43,47,101,97), (73,59,118,3,69,92,2,111,94,37,103), (109,9,115,81,18,6,12,21,98,74,61), (89,27,75,54,63,35,24,28,14,49,7), (25,45,20,30,108,105,84,42,102,51,119), (15,10,90,60,72,70,96,36,112,85,17), (5,99,50,100,120,80,40,48,56,68,34), (107,55,110,66,77,78,114,32,64,8,4), (121,22,33,117,88,104,91,76,116,16,82), (113,11,65,44,39,95,52,38,87,58,41), (1,79,53,106,13,26,57,19,29,71,83)
429679
(67,31,23,93,62,46,86,43,47,101,97), (73,59,118,3,69,92,2,111,94,37,103), (109,9,115,81,18,6,12,21,98,74,61), (89,27,75,54,63,35,24,28,14,49,7), (25,45,20,30,108,105,84,42,102,51,119), (15,10,90,60,72,70,96,36,112,85,17), (5,99,50,100,120,80,40,48,56,68,34), (107,55,110,66,77,78,114,32,64,8,4), (121,22,33,117,88,104,91,76,116,16,82), (113,11,65,44,39,95,52,57,87,58,41), (1,79,53,106,13,26,38,19,29,71,83)
429621
(67,31,23,93,62,46,86,43,47,101,97), (73,59,118,3,69,92,2,111,94,37,103), (109,9,115,81,18,6,12,21,98,74,61), (89,27,75,54,63,35,24,28,14,49,7), (25,45,20,30,108,105,84,42,102,51,119), (15,10,90,60,72,70,96,36,112,85,17), (5,99,50,100,80,120,40,48,56,68,34), (107,55,110,66,77,78,114,32,64,8,4), (121,22,33,117,88,104,91,76,116,16,82), (113,11,65,44,39,95,52,57,87,58,41), (1,79,53,106,13,26,38,19,29,71,83)
429569
(67,31,23,93,62,46,86,43,47,101,97), (73,59,118,3,69,92,2,111,94,37,103), (109,9,115,81,18,6,12,21,98,74,61), (89,27,75,54,63,35,24,28,14,49,7), (25,45,50,30,108,105,84,42,102,51,119), (15,10,90,60,72,70,96,36,112,85,17), (5,99,20,100,80,120,40,48,56,68,34), (107,55,110,66,77,78,114,32,64,8,4), (121,22,33,117,88,104,91,76,116,16,82), (113,11,65,44,39,95,52,57,87,58,41), (1,79,53,106,13,26,38,19,29,71,83)
429518
(67,31,23,93,62,46,86,43,47,101,97), (73,59,118,3,69,92,2,111,94,37,103), (109,9,115,81,6,18,12,21,98,74,61), (89,27,75,54,63,35,24,28,14,49,7), (25,45,50,30,108,105,84,42,102,51,119), (15,10,90,60,72,70,96,36,112,85,17), (5,99,20,100,80,120,40,48,56,68,34), (107,55,110,66,77,78,114,32,64,8,4), (121,22,33,117,88,104,91,76,116,16,82), (113,11,65,44,39,95,52,57,87,58,41), (1,79,53,106,13,26,38,19,29,71,83)
429454
(67,31,23,93,62,46,86,43,47,101,97), (73,59,118,3,69,92,2,111,94,37,103), (109,9,115,81,6,63,12,21,98,74,61), (89,27,75,54,18,35,24,28,14,49,7), (25,45,50,30,108,105,84,42,102,51,119), (15,10,90,60,72,70,96,36,112,85,17), (5,99,20,100,80,120,40,48,56,68,34), (107,55,110,66,77,78,114,32,64,8,4), (121,22,33,117,88,104,91,76,116,16,82), (113,11,65,44,39,95,52,57,87,58,41), (1,79,53,106,13,26,38,19,29,71,83)
429392
(67,31,23,93,62,46,86,43,47,101,97), (73,59,118,3,69,6,2,111,94,37,103), (109,9,115,81,92,63,12,21,98,74,61), (89,27,75,54,18,35,24,28,14,49,7), (25,45,50,30,108,105,84,42,102,51,119), (15,10,90,60,72,70,96,36,112,85,17), (5,99,20,100,80,120,40,48,56,68,34), (107,55,110,66,77,78,114,32,64,8,4), (121,22,33,117,88,104,91,76,116,16,82), (113,11,65,44,39,95,52,57,87,58,41), (1,79,53,106,13,26,38,19,29,71,83)
429200
(67,31,23,93,62,3,86,43,47,101,97), (73,59,118,46,69,6,2,111,94,37,103), (109,9,115,81,92,63,12,21,98,74,61), (89,27,75,54,18,35,24,28,14,49,7), (25,45,50,30,108,105,84,42,102,51,119), (15,10,90,60,72,70,96,36,112,85,17), (5,99,20,100,80,120,40,48,56,68,34), (107,55,110,66,77,78,114,32,64,8,4), (121,22,33,117,88,104,91,76,116,16,82), (113,11,65,44,39,95,52,57,87,58,41), (1,79,53,106,13,26,38,19,29,71,83)
429100
(67,31,23,93,62,3,86,43,47,101,97), (73,59,118,69,46,6,2,111,94,37,103), (109,9,115,81,92,63,12,21,98,74,61), (89,27,75,54,18,35,24,28,14,49,7), (25,45,50,30,108,105,84,42,102,51,119), (15,10,90,60,72,70,96,36,112,85,17), (5,99,20,100,80,120,40,48,56,68,34), (107,55,110,66,77,78,114,32,64,8,4), (121,22,33,117,88,104,91,76,116,16,82), (113,11,65,44,39,95,52,57,87,58,41), (1,79,53,106,13,26,38,19,29,71,83)
429064
(67,31,23,93,62,3,86,43,47,101,97), (73,59,118,69,46,6,2,111,94,37,103), (109,9,115,81,92,63,12,21,98,74,61), (89,27,75,54,18,35,24,28,14,49,7), (25,45,90,30,108,105,84,42,102,51,119), (15,10,50,60,72,70,96,36,112,85,17), (5,99,20,100,80,120,40,48,56,68,34), (107,55,110,66,77,78,114,32,64,8,4), (121,22,33,117,88,104,91,76,116,16,82), (113,11,65,44,39,95,52,57,87,58,41), (1,79,53,106,13,26,38,19,29,71,83)
428990
(67,31,23,93,62,3,86,43,47,101,97), (73,59,118,69,46,6,2,111,94,37,103), (109,9,115,81,92,63,12,21,98,74,61), (89,27,75,54,18,35,24,28,14,49,7), (25,45,30,90,108,105,84,42,102,51,119), (15,10,50,60,72,70,96,36,112,85,17), (5,99,20,100,80,120,40,48,56,68,34), (107,55,110,66,77,78,114,32,64,8,4), (121,22,33,117,88,104,91,76,116,16,82), (113,11,65,44,39,95,52,57,87,58,41), (1,79,53,106,13,26,38,19,29,71,83)
428946
(67,31,23,93,62,3,86,43,47,101,97), (73,59,118,69,46,6,2,111,94,37,103), (109,9,115,81,92,63,12,21,98,74,61), (89,27,75,54,18,35,24,28,14,49,7), (25,45,30,90,108,105,84,42,102,51,119), (15,10,50,60,72,70,96,36,112,85,17), (5,99,66,100,80,120,40,48,56,68,34), (107,55,110,20,77,78,114,32,64,8,4), (121,22,33,117,88,104,91,76,116,16,82), (113,11,65,44,39,95,52,57,87,58,41), (1,79,53,106,13,26,38,19,29,71,83)
428854
(67,31,23,93,62,3,86,43,47,101,97), (73,59,118,69,46,6,2,111,94,37,103), (109,9,115,81,92,63,12,21,98,74,61), (89,27,75,54,18,35,24,28,14,49,7), (25,45,30,90,108,105,84,42,102,51,119), (15,10,50,60,72,70,96,36,112,85,17), (5,99,66,100,80,120,40,48,56,68,34), (107,55,110,77,20,78,114,32,64,8,4), (121,22,33,117,88,104,91,76,116,16,82), (113,11,65,44,39,95,52,57,87,58,41), (1,79,53,106,13,26,38,19,29,71,83)
428810
(67,31,23,93,62,3,86,43,47,101,97), (73,59,118,69,46,6,2,111,94,37,103), (109,9,115,81,92,63,12,21,98,74,61), (89,27,75,54,18,35,42,28,14,49,7), (25,45,30,90,108,105,84,24,102,51,119), (15,10,50,60,72,70,96,36,112,85,17), (5,99,66,100,80,120,40,48,56,68,34), (107,55,110,77,20,78,114,32,64,8,4), (121,22,33,117,88,104,91,76,116,16,82), (113,11,65,44,39,95,52,57,87,58,41), (1,79,53,106,13,26,38,19,29,71,83)
428771
(67,31,23,93,62,3,86,43,47,101,97), (73,59,118,69,46,6,2,111,94,37,103), (109,9,115,81,92,63,12,21,98,74,61), (89,27,75,54,18,35,42,28,14,49,7), (25,45,30,90,108,105,84,24,102,51,119), (15,10,50,60,70,72,96,36,112,85,17), (5,99,66,100,80,120,40,48,56,68,34), (107,55,110,77,20,78,114,32,64,8,4), (121,22,33,117,88,104,91,76,116,16,82), (113,11,65,44,39,95,52,57,87,58,41), (1,79,53,106,13,26,38,19,29,71,83)
428727
(67,31,23,93,62,3,86,43,47,101,97), (73,59,118,69,46,6,2,111,94,37,103), (109,9,115,81,92,63,12,21,98,74,61), (89,27,45,54,18,35,42,28,14,49,7), (25,75,30,90,108,105,84,24,102,51,119), (15,10,50,60,70,72,96,36,112,85,17), (5,99,66,100,80,120,40,48,56,68,34), (107,55,110,77,20,78,114,32,64,8,4), (121,22,33,117,88,104,91,76,116,16,82), (113,11,65,44,39,95,52,57,87,58,41), (1,79,53,106,13,26,38,19,29,71,83)
428666
(67,31,23,93,62,3,86,43,47,101,97), (73,59,118,69,46,6,2,111,94,37,103), (109,9,115,81,92,63,12,21,98,74,61), (89,27,45,54,18,35,42,28,14,49,7), (25,75,30,90,105,108,84,24,102,51,119), (15,10,50,60,70,72,96,36,112,85,17), (5,99,66,100,80,120,40,48,56,68,34), (107,55,110,77,20,78,114,32,64,8,4), (121,22,33,117,88,104,91,76,116,16,82), (113,11,65,44,39,95,52,57,87,58,41), (1,79,53,106,13,26,38,19,29,71,83)
428618
(67,31,23,93,62,3,86,43,47,101,97), (73,59,118,69,46,6,7,111,94,37,103), (109,9,115,81,92,63,12,21,98,74,61), (89,27,45,54,18,35,42,28,14,49,2), (25,75,30,90,105,108,84,24,102,51,119), (15,10,50,60,70,72,96,36,112,85,17), (5,99,66,100,80,120,40,48,56,68,34), (107,55,110,77,20,78,114,32,64,8,4), (121,22,33,117,88,104,91,76,116,16,82), (113,11,65,44,39,95,52,57,87,58,41), (1,79,53,106,13,26,38,19,29,71,83)
428545
(67,31,23,93,62,3,86,43,47,101,97), (73,59,118,69,46,6,7,111,94,37,103), (109,9,115,81,92,63,12,21,98,74,61), (89,27,45,54,35,18,42,28,14,49,2), (25,75,30,90,105,108,84,24,102,51,119), (15,10,50,60,70,72,96,36,112,85,17), (5,99,66,100,80,120,40,48,56,68,34), (107,55,110,77,20,78,114,32,64,8,4), (121,22,33,117,88,104,91,76,116,16,82), (113,11,65,44,39,95,52,57,87,58,41), (1,79,53,106,13,26,38,19,29,71,83)
428509
(67,31,23,93,62,3,86,43,47,101,97), (73,59,118,69,46,6,7,111,94,37,103), (109,9,115,81,92,63,12,21,98,74,61), (89,27,45,54,35,18,42,28,14,49,2), (15,75,30,90,105,108,84,24,102,51,119), (25,10,50,60,70,72,96,36,112,85,17), (5,99,66,100,80,120,40,48,56,68,34), (107,55,110,77,20,78,114,32,64,8,4), (121,22,33,117,88,104,91,76,116,16,82), (113,11,65,44,39,95,52,57,87,58,41), (1,79,53,106,13,26,38,19,29,71,83)
428474
(67,31,23,93,62,3,86,43,47,101,97), (73,59,118,69,46,6,7,111,94,37,103), (109,9,115,81,92,63,12,21,14,74,61), (89,27,45,54,35,18,42,28,98,49,2), (15,75,30,90,105,108,84,24,102,51,119), (25,10,50,60,70,72,96,36,112,85,17), (5,99,66,100,80,120,40,48,56,68,34), (107,55,110,77,20,78,114,32,64,8,4), (121,22,33,117,88,104,91,76,116,16,82), (113,11,65,44,39,95,52,57,87,58,41), (1,79,53,106,13,26,38,19,29,71,83)
428447
(67,31,23,93,62,3,86,43,47,101,97), (73,59,118,69,46,6,7,111,94,37,103), (109,9,115,81,92,63,12,21,14,74,61), (89,27,45,54,35,18,42,28,98,49,2), (15,75,30,90,105,108,84,24,102,51,119), (25,10,50,60,70,72,96,36,112,85,17), (5,99,66,100,80,120,40,48,56,68,34), (107,55,110,77,20,78,114,32,64,8,4), (121,33,22,117,88,104,91,76,116,16,82), (113,11,65,44,39,95,52,57,87,58,41), (1,79,53,106,13,26,38,19,29,71,83)
428349
(67,31,23,93,62,3,86,43,47,101,97), (73,59,118,69,46,6,7,111,94,37,103), (109,9,115,81,92,63,12,21,14,74,61), (89,27,45,54,35,18,42,28,98,49,2), (15,75,30,90,105,108,84,24,102,51,119), (25,10,50,60,70,72,96,36,112,85,17), (5,99,66,100,80,120,40,48,56,68,34), (107,33,110,77,20,78,114,32,64,8,4), (121,55,22,117,88,104,91,76,116,16,82), (113,11,65,44,39,95,52,57,87,58,41), (1,79,53,106,13,26,38,19,29,71,83)
428324
(67,31,23,93,62,3,86,43,47,101,97), (73,59,118,69,46,6,7,111,94,37,103), (109,9,115,81,92,63,12,21,14,74,61), (89,27,45,54,35,18,42,28,98,49,2), (15,75,30,90,105,108,84,24,102,51,119), (25,10,50,60,70,72,96,36,112,85,34), (5,99,66,100,80,120,40,48,56,68,17), (107,33,110,77,20,78,114,32,64,8,4), (121,55,22,117,88,104,91,76,116,16,82), (113,11,65,44,39,95,52,57,87,58,41), (1,79,53,106,13,26,38,19,29,71,83)
428135
(67,31,23,93,62,3,86,43,47,101,97), (73,59,118,69,46,6,7,111,94,37,103), (109,9,115,81,92,63,12,21,14,74,61), (89,27,45,54,35,18,42,28,98,49,17), (15,75,30,90,105,108,84,24,102,51,119), (25,10,50,60,70,72,96,36,112,85,34), (5,99,66,100,80,120,40,48,56,68,2), (107,33,110,77,20,78,114,32,64,8,4), (121,55,22,117,88,104,91,76,116,16,82), (113,11,65,44,39,95,52,57,87,58,41), (1,79,53,106,13,26,38,19,29,71,83)
428117
(67,31,23,93,62,3,86,43,47,101,97), (73,59,118,69,46,6,7,111,94,37,103), (109,9,115,81,92,63,12,21,14,74,61), (89,27,45,54,35,18,42,28,98,49,17), (15,75,30,90,105,108,84,24,102,51,119), (25,10,50,60,70,72,96,36,112,85,34), (5,99,77,100,80,120,40,48,56,68,2), (107,33,110,66,20,78,114,32,64,8,4), (121,55,22,117,88,104,91,76,116,16,82), (113,11,65,44,39,95,52,57,87,58,41), (1,79,53,106,13,26,38,19,29,71,83)
428083
(67,31,23,93,62,3,86,43,47,101,97), (73,59,118,69,46,6,7,111,94,37,103), (109,9,115,81,92,63,12,21,14,74,61), (89,27,45,35,54,18,42,28,98,49,17), (15,75,30,90,105,108,84,24,102,51,119), (25,10,50,60,70,72,96,36,112,85,34), (5,99,77,100,80,120,40,48,56,68,2), (107,33,110,66,20,78,114,32,64,8,4), (121,55,22,117,88,104,91,76,116,16,82), (113,11,65,44,39,95,52,57,87,58,41), (1,79,53,106,13,26,38,19,29,71,83)
428063
(67,31,23,93,62,3,86,43,47,101,97), (73,59,118,69,46,6,7,111,94,37,103), (109,9,115,81,92,63,18,21,14,74,61), (89,27,45,35,54,12,42,28,98,49,17), (15,75,30,90,105,108,84,24,102,51,119), (25,10,50,60,70,72,96,36,112,85,34), (5,99,77,100,80,120,40,48,56,68,2), (107,33,110,66,20,78,114,32,64,8,4), (121,55,22,117,88,104,91,76,116,16,82), (113,11,65,44,39,95,52,57,87,58,41), (1,79,53,106,13,26,38,19,29,71,83)
428004
(67,31,23,93,62,3,86,43,47,101,97), (73,59,118,69,46,6,7,111,94,37,103), (109,9,115,81,92,63,18,21,14,74,61), (89,27,45,35,54,24,42,28,98,49,17), (15,75,30,90,105,108,84,12,102,51,119), (25,10,50,60,70,72,96,36,112,85,34), (5,99,77,100,80,120,40,48,56,68,2), (107,33,110,66,20,78,114,32,64,8,4), (121,55,22,117,88,104,91,76,116,16,82), (113,11,65,44,39,95,52,57,87,58,41), (1,79,53,106,13,26,38,19,29,71,83)
427932
(67,31,23,93,62,3,86,43,47,101,97), (73,59,118,69,46,6,7,111,94,37,103), (109,9,115,81,92,63,18,21,14,74,61), (89,27,45,35,54,24,42,28,98,49,17), (15,75,30,90,105,108,84,56,102,51,119), (25,10,50,60,70,72,96,36,112,85,34), (5,99,77,100,80,120,40,48,12,68,2), (107,33,110,66,20,78,114,32,64,8,4), (121,55,22,117,88,104,91,76,116,16,82), (113,11,65,44,39,95,52,57,87,58,41), (1,79,53,106,13,26,38,19,29,71,83)
427893
(67,31,23,93,62,3,86,43,47,101,97), (73,59,118,69,46,6,7,111,94,37,103), (109,9,115,81,92,63,18,21,14,74,61), (89,27,45,35,54,24,42,28,98,49,17), (15,75,30,90,105,108,84,36,102,51,119), (25,10,50,60,70,72,96,56,112,85,34), (5,99,77,100,80,120,40,48,12,68,2), (107,33,110,66,20,78,114,32,64,8,4), (121,55,22,117,88,104,91,76,116,16,82), (113,11,65,44,39,95,52,57,87,58,41), (1,79,53,106,13,26,38,19,29,71,83)
427873
(67,31,23,93,62,3,86,43,47,101,97), (73,59,118,69,46,6,7,111,94,37,103), (109,9,115,81,92,63,18,21,49,74,61), (89,27,45,35,54,24,42,28,98,14,17), (15,75,30,90,105,108,84,36,102,51,119), (25,10,50,60,70,72,96,56,112,85,34), (5,99,77,100,80,120,40,48,12,68,2), (107,33,110,66,20,78,114,32,64,8,4), (121,55,22,117,88,104,91,76,116,16,82), (113,11,65,44,39,95,52,57,87,58,41), (1,79,53,106,13,26,38,19,29,71,83)
427856
(67,31,23,93,62,3,86,43,47,101,97), (73,59,118,69,46,6,7,111,94,37,103), (109,9,115,81,92,63,18,21,49,74,61), (89,27,45,35,54,24,42,28,98,14,17), (15,75,30,90,105,108,84,36,102,51,119), (25,10,50,60,70,72,96,56,112,85,34), (5,99,77,100,80,120,40,48,12,68,2), (107,33,110,66,20,78,114,32,64,8,4), (121,55,65,117,88,104,91,76,116,16,82), (113,11,22,44,39,95,52,57,87,58,41), (1,79,53,106,13,26,38,19,29,71,83)
427712
(67,31,23,93,62,3,86,43,47,101,97), (73,59,118,69,46,6,7,111,94,37,103), (109,9,115,81,92,63,18,21,49,74,61), (89,27,45,35,54,24,42,28,98,14,17), (15,75,30,90,105,108,84,36,102,51,119), (25,10,50,60,70,72,96,56,112,85,34), (5,99,77,100,80,120,40,48,12,68,2), (107,33,110,66,20,78,114,32,64,8,4), (121,55,44,117,88,104,91,76,116,16,82), (113,11,22,65,39,95,52,57,87,58,41), (1,79,53,106,13,26,38,19,29,71,83)
427704
(67,31,23,93,62,3,86,43,47,101,97), (73,59,118,69,46,6,7,111,94,37,103), (109,9,115,81,92,63,18,21,49,74,61), (89,27,45,35,54,24,42,28,98,14,17), (15,75,30,90,105,108,84,36,102,51,119), (25,10,50,60,70,72,96,56,112,85,34), (5,99,77,100,80,120,40,48,12,68,2), (107,33,110,66,20,78,114,32,64,8,4), (121,55,44,117,88,104,91,76,87,16,82), (113,11,22,65,39,95,52,57,116,58,41), (1,79,53,106,13,26,38,19,29,71,83)
427691
(67,31,23,93,62,3,86,43,47,101,97), (73,59,118,69,46,6,7,111,94,37,103), (109,9,115,81,92,63,18,21,49,74,61), (89,27,45,35,54,24,42,28,98,14,17), (15,75,30,90,105,108,84,36,102,51,119), (25,10,50,60,70,72,96,56,112,85,34), (5,99,77,100,80,120,40,48,12,68,2), (107,33,110,66,20,78,114,32,64,8,4), (121,55,44,117,88,104,91,57,87,16,82), (113,11,22,65,39,95,52,76,116,58,41), (1,79,53,106,13,26,38,19,29,71,83)
427683
(67,31,23,93,62,3,86,43,47,101,97), (73,59,9,69,46,6,7,111,94,37,103), (109,118,115,81,92,63,18,21,49,74,61), (89,27,45,35,54,24,42,28,98,14,17), (15,75,30,90,105,108,84,36,102,51,119), (25,10,50,60,70,72,96,56,112,85,34), (5,99,77,100,80,120,40,48,12,68,2), (107,33,110,66,20,78,114,32,64,8,4), (121,55,44,117,88,104,91,57,87,16,82), (113,11,22,65,39,95,52,76,116,58,41), (1,79,53,106,13,26,38,19,29,71,83)
427660
(67,31,23,93,9,3,86,43,47,101,97), (73,59,62,69,46,6,7,111,94,37,103), (109,118,115,81,92,63,18,21,49,74,61), (89,27,45,35,54,24,42,28,98,14,17), (15,75,30,90,105,108,84,36,102,51,119), (25,10,50,60,70,72,96,56,112,85,34), (5,99,77,100,80,120,40,48,12,68,2), (107,33,110,66,20,78,114,32,64,8,4), (121,55,44,117,88,104,91,57,87,16,82), (113,11,22,65,39,95,52,76,116,58,41), (1,79,53,106,13,26,38,19,29,71,83)
427606
(67,31,23,62,9,3,86,43,47,101,97), (73,59,93,69,46,6,7,111,94,37,103), (109,118,115,81,92,63,18,21,49,74,61), (89,27,45,35,54,24,42,28,98,14,17), (15,75,30,90,105,108,84,36,102,51,119), (25,10,50,60,70,72,96,56,112,85,34), (5,99,77,100,80,120,40,48,12,68,2), (107,33,110,66,20,78,114,32,64,8,4), (121,55,44,117,88,104,91,57,87,16,82), (113,11,22,65,39,95,52,76,116,58,41), (1,79,53,106,13,26,38,19,29,71,83)
427601
(67,31,23,62,9,3,86,43,47,101,97), (73,59,93,69,46,6,7,111,94,37,103), (109,118,115,81,92,63,18,21,49,74,61), (89,27,45,35,54,24,42,28,98,14,17), (15,75,30,90,105,108,84,36,102,51,119), (25,10,50,70,60,72,96,56,112,85,34), (5,99,77,100,80,120,40,48,12,68,2), (107,33,110,66,20,78,114,32,64,8,4), (121,55,44,117,88,104,91,57,87,16,82), (113,11,22,65,39,95,52,76,116,58,41), (1,79,53,106,13,26,38,19,29,71,83)
427536
(67,31,23,62,9,3,86,43,47,101,97), (73,59,93,69,46,6,7,111,94,37,103), (109,118,115,81,92,63,18,21,49,74,61), (89,27,45,35,54,24,42,28,98,14,17), (15,75,30,70,105,108,84,36,102,51,119), (25,10,50,90,60,72,96,56,112,85,34), (5,99,77,100,80,120,40,48,12,68,2), (107,33,110,66,20,78,114,32,64,8,4), (121,55,44,117,88,104,91,57,87,16,82), (113,11,22,65,39,95,52,76,116,58,41), (1,79,53,106,13,26,38,19,29,71,83)
427440
(67,31,23,62,9,3,86,43,47,101,97), (73,59,93,69,46,6,7,111,94,37,103), (109,118,115,81,92,63,18,21,49,74,61), (89,27,45,35,54,24,42,28,98,14,17), (15,75,30,105,70,108,84,36,102,51,119), (25,10,50,90,60,72,96,56,112,85,34), (5,99,77,100,80,120,40,48,12,68,2), (107,33,110,66,20,78,114,32,64,8,4), (121,55,44,117,88,104,91,57,87,16,82), (113,11,22,65,39,95,52,76,116,58,41), (1,79,53,106,13,26,38,19,29,71,83)
427378
(67,31,23,62,9,3,86,43,47,101,97), (73,59,93,69,46,6,7,111,94,37,103), (109,118,115,81,92,63,18,21,49,74,61), (89,27,45,35,105,24,42,28,98,14,17), (15,75,30,54,70,108,84,36,102,51,119), (25,10,50,90,60,72,96,56,112,85,34), (5,99,77,100,80,120,40,48,12,68,2), (107,33,110,66,20,78,114,32,64,8,4), (121,55,44,117,88,104,91,57,87,16,82), (113,11,22,65,39,95,52,76,116,58,41), (1,79,53,106,13,26,38,19,29,71,83)
427354
(67,31,23,62,9,3,86,43,47,101,97), (73,59,93,69,46,6,7,49,94,37,103), (109,118,115,81,92,63,18,21,111,74,61), (89,27,45,35,105,24,42,28,98,14,17), (15,75,30,54,70,108,84,36,102,51,119), (25,10,50,90,60,72,96,56,112,85,34), (5,99,77,100,80,120,40,48,12,68,2), (107,33,110,66,20,78,114,32,64,8,4), (121,55,44,117,88,104,91,57,87,16,82), (113,11,22,65,39,95,52,76,116,58,41), (1,79,53,106,13,26,38,19,29,71,83)
427339
(67,31,23,62,9,3,86,43,47,101,97), (73,59,93,69,46,6,7,49,94,37,103), (109,118,115,81,92,63,18,21,111,74,61), (89,27,45,35,105,24,42,28,98,14,17), (15,75,54,30,70,108,84,36,102,51,119), (25,10,50,90,60,72,96,56,112,85,34), (5,99,77,100,80,120,40,48,12,68,2), (107,33,110,66,20,78,114,32,64,8,4), (121,55,44,117,88,104,91,57,87,16,82), (113,11,22,65,39,95,52,76,116,58,41), (1,79,53,106,13,26,38,19,29,71,83)
427317
(67,31,23,62,9,3,86,43,47,101,97), (73,59,93,69,46,6,7,49,94,37,103), (109,118,115,81,92,63,18,21,111,74,61), (89,27,54,35,105,24,42,28,98,14,17), (15,75,45,30,70,108,84,36,102,51,119), (25,10,50,90,60,72,96,56,112,85,34), (5,99,77,100,80,120,40,48,12,68,2), (107,33,110,66,20,78,114,32,64,8,4), (121,55,44,117,88,104,91,57,87,16,82), (113,11,22,65,39,95,52,76,116,58,41), (1,79,53,106,13,26,38,19,29,71,83)
427191
(67,31,23,62,9,3,86,43,47,101,97), (73,59,93,69,46,6,7,49,94,37,103), (109,118,115,81,92,63,18,21,111,74,61), (89,27,35,54,105,24,42,28,98,14,17), (15,75,45,30,70,108,84,36,102,51,119), (25,10,50,90,60,72,96,56,112,85,34), (5,99,77,100,80,120,40,48,12,68,2), (107,33,110,66,20,78,114,32,64,8,4), (121,55,44,117,88,104,91,57,87,16,82), (113,11,22,65,39,95,52,76,116,58,41), (1,79,53,106,13,26,38,19,29,71,83)
427027
(67,31,23,62,9,3,86,43,47,101,97), (73,59,93,69,46,6,7,49,94,37,103), (109,118,115,35,92,63,18,21,111,74,61), (89,27,81,54,105,24,42,28,98,14,17), (15,75,45,30,70,108,84,36,102,51,119), (25,10,50,90,60,72,96,56,112,85,34), (5,99,77,100,80,120,40,48,12,68,2), (107,33,110,66,20,78,114,32,64,8,4), (121,55,44,117,88,104,91,57,87,16,82), (113,11,22,65,39,95,52,76,116,58,41), (1,79,53,106,13,26,38,19,29,71,83)
427011
(67,31,23,62,9,3,86,43,47,101,97), (73,59,93,69,46,6,7,49,94,37,103), (109,118,115,92,35,63,18,21,111,74,61), (89,27,81,54,105,24,42,28,98,14,17), (15,75,45,30,70,108,84,36,102,51,119), (25,10,50,90,60,72,96,56,112,85,34), (5,99,77,100,80,120,40,48,12,68,2), (107,33,110,66,20,78,114,32,64,8,4), (121,55,44,117,88,104,91,57,87,16,82), (113,11,22,65,39,95,52,76,116,58,41), (1,79,53,106,13,26,38,19,29,71,83)
426998
(67,31,23,62,9,3,86,43,47,101,97), (73,59,93,69,46,6,7,49,94,37,103), (109,118,115,92,35,63,18,21,111,74,61), (89,27,81,54,105,24,42,28,98,14,17), (15,75,45,30,70,108,84,56,102,51,119), (25,10,50,90,60,72,96,36,112,85,34), (5,99,77,100,80,120,40,48,12,68,2), (107,33,110,66,20,78,114,32,64,8,4), (121,55,44,117,88,104,91,57,87,16,82), (113,11,22,65,39,95,52,76,116,58,41), (1,79,53,106,13,26,38,19,29,71,83)
426974
(67,31,23,62,9,3,86,43,47,101,97), (73,59,93,69,46,6,7,49,94,37,103), (109,118,115,92,35,63,18,21,111,74,61), (89,27,81,54,105,24,42,28,98,14,119), (15,75,45,30,70,108,84,56,102,51,17), (25,10,50,90,60,72,96,36,112,85,34), (5,99,77,100,80,120,40,48,12,68,2), (107,33,110,66,20,78,114,32,64,8,4), (121,55,44,117,88,104,91,57,87,16,82), (113,11,22,65,39,95,52,76,116,58,41), (1,79,53,106,13,26,38,19,29,71,83)
426960
(67,31,23,62,9,3,86,43,47,101,97), (73,59,93,69,46,6,7,49,94,37,103), (109,118,115,92,35,63,18,21,111,74,61), (89,27,81,54,105,24,42,28,98,14,119), (15,75,45,30,70,108,84,112,102,51,17), (25,10,50,90,60,72,96,36,56,85,34), (5,99,77,100,80,120,40,48,12,68,2), (107,33,110,66,20,78,114,32,64,8,4), (121,55,44,117,88,104,91,57,87,16,82), (113,11,22,65,39,95,52,76,116,58,41), (1,79,53,106,13,26,38,19,29,71,83)
426958
(67,31,23,62,9,3,86,43,47,101,97), (73,59,93,69,46,6,7,49,94,37,103), (109,118,115,92,35,63,18,21,111,74,61), (89,27,81,54,105,24,42,28,98,14,119), (15,75,45,30,70,108,84,112,102,51,17), (25,10,50,90,60,72,96,36,56,85,34), (5,99,77,100,80,120,40,48,32,68,2), (107,33,110,66,20,78,114,12,64,8,4), (121,55,44,117,88,104,91,57,87,16,82), (113,11,22,65,39,95,52,76,116,58,41), (1,79,53,106,13,26,38,19,29,71,83)
426954
(67,31,23,62,9,3,86,43,47,101,97), (73,59,93,69,46,6,7,49,94,37,103), (109,118,115,92,35,63,18,21,111,74,61), (89,27,81,54,105,24,42,28,98,14,119), (15,75,45,30,70,108,84,112,102,51,17), (25,10,50,90,60,72,96,36,56,85,34), (5,99,77,100,80,120,40,48,32,68,2), (107,33,110,66,20,78,114,12,64,8,4), (121,55,44,117,88,91,104,57,87,16,82), (113,11,22,65,39,95,52,76,116,58,41), (1,79,53,106,13,26,38,19,29,71,83)
426952
(67,31,23,62,9,3,86,43,47,101,97), (73,59,93,69,46,6,7,49,94,37,103), (109,118,115,35,92,63,18,21,111,74,61), (89,27,81,54,105,24,42,28,98,14,119), (15,75,45,30,70,108,84,112,102,51,17), (25,10,50,90,60,72,96,36,56,85,34), (5,99,77,100,80,120,40,48,32,68,2), (107,33,110,66,20,78,114,12,64,8,4), (121,55,44,117,88,91,104,57,87,16,82), (113,11,22,65,39,95,52,76,116,58,41), (1,79,53,106,13,26,38,19,29,71,83)
426942
(67,31,23,62,9,3,49,43,47,101,97), (73,59,93,69,46,6,7,86,94,37,103), (109,118,115,35,92,63,18,21,111,74,61), (89,27,81,54,105,24,42,28,98,14,119), (15,75,45,30,70,108,84,112,102,51,17), (25,10,50,90,60,72,96,36,56,85,34), (5,99,77,100,80,120,40,48,32,68,2), (107,33,110,66,20,78,114,12,64,8,4), (121,55,44,117,88,91,104,57,87,16,82), (113,11,22,65,39,95,52,76,116,58,41), (1,79,53,106,13,26,38,19,29,71,83)
426913
(101,29,17,34,74,37,111,4,82,47,73), (58,116,68,51,64,85,6,94,46,23,41), (59,87,8,32,102,24,20,92,69,115,107), (118,16,12,48,36,18,80,100,10,62,31), (2,119,88,56,110,96,40,30,50,93,5), (121,22,44,66,72,120,60,90,114,76,25), (11,33,55,112,84,108,104,54,75,95,38), (86,77,99,28,42,70,105,45,15,57,19), (43,49,98,63,81,35,78,52,39,65,61), (89,67,7,14,21,27,117,26,3,103,83), (71,1,109,53,106,91,9,13,113,97,79)
426817
(101,29,17,34,74,37,111,4,82,47,73), (58,116,68,51,64,85,6,94,46,23,41), (59,87,8,32,102,24,20,92,69,115,107), (118,16,12,48,36,40,80,100,10,62,31), (2,119,88,56,110,96,18,30,50,93,5), (121,22,44,66,72,120,60,90,114,76,25), (11,33,55,112,84,108,104,54,75,95,38), (86,77,99,28,42,70,105,45,15,57,19), (43,49,98,63,81,35,78,52,39,65,61), (89,67,7,14,21,27,117,26,3,103,83), (71,1,109,53,106,91,9,13,113,97,79)
426743
(101,58,17,34,74,37,111,4,82,47,73), (29,116,68,51,64,85,6,94,46,23,41), (59,87,8,32,102,24,20,92,69,115,107), (118,16,12,48,36,40,80,100,10,62,31), (2,119,88,56,110,96,18,30,50,93,5), (121,22,44,66,72,120,60,90,114,76,25), (11,33,55,112,84,108,104,54,75,95,38), (86,77,99,28,42,70,105,45,15,57,19), (43,49,98,63,81,35,78,52,39,65,61), (89,67,7,14,21,27,117,26,3,103,83), (71,1,109,53,106,91,9,13,113,97,79)
426683
(101,58,17,34,74,37,111,4,82,47,73), (29,116,68,51,64,85,6,94,46,23,41), (59,87,8,32,102,40,20,92,69,115,107), (118,16,12,48,36,24,80,100,10,62,31), (2,119,88,56,110,96,18,30,50,93,5), (121,22,44,66,72,120,60,90,114,76,25), (11,33,55,112,84,108,104,54,75,95,38), (86,77,99,28,42,70,105,45,15,57,19), (43,49,98,63,81,35,78,52,39,65,61), (89,67,7,14,21,27,117,26,3,103,83), (71,1,109,53,106,91,9,13,113,97,79)
426628
(101,58,17,34,74,37,111,4,82,47,73), (29,116,68,51,64,85,6,94,46,23,41), (59,87,8,32,102,40,20,92,69,115,107), (118,16,12,48,36,24,80,100,10,62,31), (2,119,88,56,110,96,18,30,50,93,5), (121,22,44,66,72,120,60,90,114,76,25), (11,33,55,112,84,108,104,54,75,38,95), (86,77,99,28,42,70,105,45,15,57,19), (43,49,98,63,81,35,78,52,39,65,61), (89,67,7,14,21,27,117,26,3,103,83), (71,1,109,53,106,91,9,13,113,97,79)
426574
(101,58,17,34,74,37,111,4,82,47,73), (29,116,68,51,64,85,6,94,46,23,41), (59,87,8,32,102,40,20,92,69,115,107), (118,16,12,48,36,24,80,100,10,62,31), (2,119,88,56,110,96,18,30,50,93,5), (121,22,44,66,72,120,60,90,114,76,25), (11,33,55,112,84,108,104,54,75,38,95), (86,77,99,28,42,70,105,45,15,57,19), (43,49,98,63,21,35,78,52,39,65,61), (89,67,7,14,81,27,117,26,3,103,83), (71,1,109,53,106,91,9,13,113,97,79)
426388
(101,58,17,34,74,37,111,4,82,47,73), (29,116,68,51,64,85,6,94,46,23,41), (59,87,8,32,102,40,20,92,69,115,107), (118,16,12,48,36,24,80,100,10,62,31), (2,119,88,56,110,96,18,30,50,93,5), (121,22,44,66,72,120,60,90,114,76,25), (11,33,55,112,84,108,104,54,75,38,95), (86,77,99,28,42,70,105,45,15,57,19), (43,49,98,21,63,35,78,52,39,65,61), (89,67,7,14,81,27,117,26,3,103,83), (71,1,109,53,106,91,9,13,113,97,79)
426330
(101,58,17,34,74,37,111,4,82,47,73), (29,116,68,51,64,85,6,94,46,23,41), (59,87,8,32,102,40,20,92,69,115,107), (118,16,12,48,36,24,80,100,10,62,31), (2,119,88,56,110,96,18,30,50,93,5), (121,22,44,66,72,120,60,90,114,76,25), (11,33,55,112,84,108,70,54,75,38,95), (86,77,99,28,42,104,105,45,15,57,19), (43,49,98,21,63,35,78,52,39,65,61), (89,67,7,14,81,27,117,26,3,103,83), (71,1,109,53,106,91,9,13,113,97,79)
426264
(101,58,17,34,74,37,111,4,82,47,73), (29,116,68,51,64,85,6,94,46,23,41), (59,87,8,32,102,40,20,92,69,115,107), (118,16,12,48,36,24,80,100,10,62,31), (2,119,88,56,110,96,18,30,50,93,5), (121,22,44,66,72,120,60,90,114,76,25), (11,33,55,112,84,108,70,104,75,38,95), (86,77,99,28,42,54,105,45,15,57,19), (43,49,98,21,63,35,78,52,39,65,61), (89,67,7,14,81,27,117,26,3,103,83), (71,1,109,53,106,91,9,13,113,97,79)
426202
(101,58,17,34,74,37,111,4,82,47,73), (29,116,68,51,64,85,6,94,46,23,41), (59,87,8,32,102,40,20,92,69,115,107), (118,16,12,48,36,24,80,100,10,62,31), (2,119,88,56,110,96,120,30,50,93,5), (121,22,44,66,72,18,60,90,114,76,25), (11,33,55,112,84,108,70,104,75,38,95), (86,77,99,28,42,54,105,45,15,57,19), (43,49,98,21,63,35,78,52,39,65,61), (89,67,7,14,81,27,117,26,3,103,83), (71,1,109,53,106,91,9,13,113,97,79)
426144
(101,58,17,34,74,37,111,4,82,47,73), (29,116,68,51,64,85,6,94,46,23,41), (59,87,8,32,102,40,20,92,69,115,107), (118,16,12,36,48,24,80,100,10,62,31), (2,119,88,56,110,96,120,30,50,93,5), (121,22,44,66,72,18,60,90,114,76,25), (11,33,55,112,84,108,70,104,75,38,95), (86,77,99,28,42,54,105,45,15,57,19), (43,49,98,21,63,35,78,52,39,65,61), (89,67,7,14,81,27,117,26,3,103,83), (71,1,109,53,106,91,9,13,113,97,79)
426094
(101,58,17,34,74,37,111,4,82,47,73), (29,116,68,51,64,85,6,94,46,23,41), (59,87,8,32,102,40,20,92,69,115,107), (118,16,12,36,48,24,80,100,10,62,31), (2,119,88,56,110,96,120,30,50,93,5), (121,22,44,66,72,18,60,90,114,76,25), (11,33,55,112,84,108,70,104,75,38,95), (86,77,99,28,42,54,105,45,15,57,19), (43,49,98,21,63,35,78,52,26,65,61), (89,67,7,14,81,27,117,39,3,103,83), (71,1,109,53,106,91,9,13,113,97,79)
426046
(101,58,17,34,74,37,111,4,82,47,73), (29,116,68,51,64,85,6,94,46,23,41), (59,87,8,32,102,40,20,92,69,115,107), (118,16,12,36,48,24,80,100,10,62,31), (2,119,88,56,110,96,120,30,50,93,5), (121,22,44,66,72,18,60,90,114,76,25), (11,33,55,112,84,108,70,104,75,38,95), (86,77,99,28,42,54,105,45,15,57,19), (43,49,98,14,63,35,78,52,26,65,61), (89,67,7,21,81,27,117,39,3,103,83), (71,1,109,53,106,91,9,13,113,97,79)
426000
(101,58,17,34,74,37,111,94,82,47,73), (29,116,68,51,64,85,6,4,46,23,41), (59,87,8,32,102,40,20,92,69,115,107), (118,16,12,36,48,24,80,100,10,62,31), (2,119,88,56,110,96,120,30,50,93,5), (121,22,44,66,72,18,60,90,114,76,25), (11,33,55,112,84,108,70,104,75,38,95), (86,77,99,28,42,54,105,45,15,57,19), (43,49,98,14,63,35,78,52,26,65,61), (89,67,7,21,81,27,117,39,3,103,83), (71,1,109,53,106,91,9,13,113,97,79)
425954
(101,58,17,34,74,37,4,94,82,47,73), (29,116,68,51,64,85,6,111,46,23,41), (59,87,8,32,102,40,20,92,69,115,107), (118,16,12,36,48,24,80,100,10,62,31), (2,119,88,56,110,96,120,30,50,93,5), (121,22,44,66,72,18,60,90,114,76,25), (11,33,55,112,84,108,70,104,75,38,95), (86,77,99,28,42,54,105,45,15,57,19), (43,49,98,14,63,35,78,52,26,65,61), (89,67,7,21,81,27,117,39,3,103,83), (71,1,109,53,106,91,9,13,113,97,79)
425666
(101,58,17,34,4,37,74,94,82,47,73), (29,116,68,51,64,85,6,111,46,23,41), (59,87,8,32,102,40,20,92,69,115,107), (118,16,12,36,48,24,80,100,10,62,31), (2,119,88,56,110,96,120,30,50,93,5), (121,22,44,66,72,18,60,90,114,76,25), (11,33,55,112,84,108,70,104,75,38,95), (86,77,99,28,42,54,105,45,15,57,19), (43,49,98,14,63,35,78,52,26,65,61), (89,67,7,21,81,27,117,39,3,103,83), (71,1,109,53,106,91,9,13,113,97,79)
425561
(101,58,17,34,4,74,37,94,82,47,73), (29,116,68,51,64,85,6,111,46,23,41), (59,87,8,32,102,40,20,92,69,115,107), (118,16,12,36,48,24,80,100,10,62,31), (2,119,88,56,110,96,120,30,50,93,5), (121,22,44,66,72,18,60,90,114,76,25), (11,33,55,112,84,108,70,104,75,38,95), (86,77,99,28,42,54,105,45,15,57,19), (43,49,98,14,63,35,78,52,26,65,61), (89,67,7,21,81,27,117,39,3,103,83), (71,1,109,53,106,91,9,13,113,97,79)
425520
(101,58,17,34,4,74,37,94,82,47,73), (29,116,68,51,64,85,6,111,46,23,41), (59,87,8,32,102,40,20,92,69,115,107), (118,16,12,36,48,24,80,100,10,62,31), (2,119,88,56,110,96,120,30,50,93,5), (121,22,44,66,72,18,60,90,75,76,25), (11,33,55,112,84,108,70,104,114,38,95), (86,77,99,28,42,54,105,45,15,57,19), (43,49,98,14,63,35,78,52,26,65,61), (89,67,7,21,81,27,117,39,3,103,83), (71,1,109,53,106,91,9,13,113,97,79)
425480
(101,58,17,34,4,74,37,94,82,47,41), (29,116,68,51,64,85,6,111,46,23,73), (59,87,8,32,102,40,20,92,69,115,107), (118,16,12,36,48,24,80,100,10,62,31), (2,119,88,56,110,96,120,30,50,93,5), (121,22,44,66,72,18,60,90,75,76,25), (11,33,55,112,84,108,70,104,114,38,95), (86,77,99,28,42,54,105,45,15,57,19), (43,49,98,14,63,35,78,52,26,65,61), (89,67,7,21,81,27,117,39,3,103,83), (71,1,109,53,106,91,9,13,113,97,79)
425440
(101,58,17,34,4,74,37,94,82,47,41), (29,116,68,51,64,85,6,111,46,23,73), (59,87,8,32,102,40,20,92,69,115,107), (118,16,12,36,48,24,80,100,10,62,31), (2,119,88,56,110,96,120,30,50,93,5), (121,22,44,66,72,18,60,90,15,76,25), (11,33,55,112,84,108,70,104,114,38,95), (86,77,99,28,42,54,105,45,75,57,19), (43,49,98,14,63,35,78,52,26,65,61), (89,67,7,21,81,27,117,39,3,103,83), (71,1,109,53,106,91,9,13,113,97,79)
425379
(101,58,17,34,4,74,37,94,82,47,41), (29,116,68,51,64,85,6,111,46,23,73), (59,87,8,32,102,40,20,92,69,115,107), (118,16,12,36,48,24,80,100,10,62,31), (2,119,88,56,110,96,120,30,50,93,5), (121,22,44,66,72,18,60,90,76,15,25), (11,33,55,112,84,108,70,104,114,38,95), (86,77,99,28,42,54,105,45,75,57,19), (43,49,98,14,63,35,78,52,26,65,61), (89,67,7,21,81,27,117,39,3,103,83), (71,1,109,53,106,91,9,13,113,97,79)
425337
(101,58,17,34,4,74,37,94,82,47,41), (29,116,68,51,64,85,92,111,46,23,73), (59,87,8,32,102,40,20,6,69,115,107), (118,16,12,36,48,24,80,100,10,62,31), (2,119,88,56,110,96,120,30,50,93,5), (121,22,44,66,72,18,60,90,76,15,25), (11,33,55,112,84,108,70,104,114,38,95), (86,77,99,28,42,54,105,45,75,57,19), (43,49,98,14,63,35,78,52,26,65,61), (89,67,7,21,81,27,117,39,3,103,83), (71,1,109,53,106,91,9,13,113,97,79)
425145
(101,58,17,34,4,74,37,94,82,47,41), (29,116,68,51,64,85,111,92,46,23,73), (59,87,8,32,102,40,20,6,69,115,107), (118,16,12,36,48,24,80,100,10,62,31), (2,119,88,56,110,96,120,30,50,93,5), (121,22,44,66,72,18,60,90,76,15,25), (11,33,55,112,84,108,70,104,114,38,95), (86,77,99,28,42,54,105,45,75,57,19), (43,49,98,14,63,35,78,52,26,65,61), (89,67,7,21,81,27,117,39,3,103,83), (71,1,109,53,106,91,9,13,113,97,79)
425130
(101,58,17,34,4,74,37,94,82,47,41), (29,116,51,68,64,85,111,92,46,23,73), (59,87,8,32,102,40,20,6,69,115,107), (118,16,12,36,48,24,80,100,10,62,31), (2,119,88,56,110,96,120,30,50,93,5), (121,22,44,66,72,18,60,90,76,15,25), (11,33,55,112,84,108,70,104,114,38,95), (86,77,99,28,42,54,105,45,75,57,19), (43,49,98,14,63,35,78,52,26,65,61), (89,67,7,21,81,27,117,39,3,103,83), (71,1,109,53,106,91,9,13,113,97,79)
425071
(101,58,17,34,4,74,37,94,82,47,41), (29,116,8,68,64,85,111,92,46,23,73), (59,87,51,32,102,40,20,6,69,115,107), (118,16,12,36,48,24,80,100,10,62,31), (2,119,88,56,110,96,120,30,50,93,5), (121,22,44,66,72,18,60,90,76,15,25), (11,33,55,112,84,108,70,104,114,38,95), (86,77,99,28,42,54,105,45,75,57,19), (43,49,98,14,63,35,78,52,26,65,61), (89,67,7,21,81,27,117,39,3,103,83), (71,1,109,53,106,91,9,13,113,97,79)
425062
(101,58,17,34,4,74,37,94,82,47,41), (29,116,8,68,64,85,111,92,46,23,73), (59,87,51,32,102,40,20,6,69,115,107), (118,16,12,36,48,24,80,100,10,62,31), (2,119,88,56,110,96,120,30,50,93,5), (121,22,44,112,72,18,60,90,76,15,25), (11,33,55,66,84,108,70,104,114,38,95), (86,77,99,28,42,54,105,45,75,57,19), (43,49,98,14,63,35,78,52,26,65,61), (89,67,7,21,81,27,117,39,3,103,83), (71,1,109,53,106,91,9,13,113,97,79)
425032
(101,58,17,34,4,74,37,94,82,47,41), (29,116,8,68,64,85,111,92,46,23,73), (59,87,51,32,102,40,20,6,69,115,107), (118,16,12,36,48,24,80,100,10,62,31), (2,119,88,56,110,96,120,30,50,93,5), (121,22,44,112,72,18,60,90,76,15,25), (11,33,28,66,84,108,70,104,114,38,95), (86,77,99,55,42,54,105,45,75,57,19), (43,49,98,14,63,35,78,52,26,65,61), (89,67,7,21,81,27,117,39,3,103,83), (71,1,109,53,106,91,9,13,113,97,79)
424992
(101,58,17,34,4,74,37,94,82,47,41), (29,116,8,68,64,85,111,92,46,23,73), (59,87,51,32,102,40,20,6,69,115,107), (118,16,12,36,48,24,80,100,10,62,31), (2,119,88,56,110,96,120,30,50,93,5), (86,22,44,112,72,18,60,90,76,15,25), (11,33,28,66,84,108,70,104,114,38,95), (121,77,99,55,42,54,105,45,75,57,19), (43,49,98,14,63,35,78,52,26,65,61), (89,67,7,21,81,27,117,39,3,103,83), (71,1,109,53,106,91,9,13,113,97,79)
424970
(101,58,17,34,4,74,37,94,82,47,41), (29,116,8,68,64,85,111,92,46,23,73), (59,87,51,32,102,40,20,6,69,115,107), (118,16,12,36,48,24,80,100,10,62,31), (2,119,88,56,110,96,120,30,50,93,5), (86,22,44,112,72,18,60,90,76,15,25), (11,33,28,66,84,108,70,104,114,38,95), (121,77,14,55,42,54,105,45,75,57,19), (43,49,98,99,63,35,78,52,26,65,61), (89,67,7,21,81,27,117,39,3,103,83), (71,1,109,53,106,91,9,13,113,97,79)
424935
(101,58,17,34,4,74,37,94,82,47,41), (29,116,8,68,64,85,111,92,46,23,73), (59,87,51,32,102,40,20,6,69,115,107), (118,16,12,36,48,24,80,100,10,62,31), (2,119,88,56,110,96,120,30,50,93,5), (86,22,44,112,72,18,60,90,76,15,25), (11,33,28,66,84,108,70,104,114,38,95), (121,77,98,55,42,54,105,45,75,57,19), (43,49,14,99,63,35,78,52,26,65,61), (89,67,7,21,81,27,117,39,3,103,83), (71,1,109,53,106,91,9,13,113,97,79)
424901
(101,58,17,34,4,74,37,94,82,47,41), (29,116,8,68,64,85,111,92,46,23,73), (59,87,51,32,102,40,20,6,69,115,107), (118,16,12,36,48,24,80,100,10,62,31), (2,119,88,56,110,96,120,30,50,93,5), (86,22,44,112,72,70,60,90,76,15,25), (11,33,28,66,84,108,18,104,114,38,95), (121,77,98,55,42,54,105,45,75,57,19), (43,49,14,99,63,35,78,52,26,65,61), (89,67,7,21,81,27,117,39,3,103,83), (71,1,109,53,106,91,9,13,113,97,79)
424768
(101,58,17,34,4,74,37,94,82,47,41), (29,116,8,68,64,85,111,92,46,23,73), (59,87,51,32,102,40,20,6,69,115,107), (118,16,12,36,48,24,80,100,10,62,31), (2,119,88,56,110,96,120,30,50,93,5), (86,22,44,112,72,70,60,90,76,15,25), (11,33,28,66,84,108,104,18,114,38,95), (121,77,98,55,42,54,105,45,75,57,19), (43,49,14,99,63,35,78,52,26,65,61), (89,67,7,21,81,27,117,39,3,103,83), (71,1,109,53,106,91,9,13,113,97,79)
424733
(101,58,17,34,4,74,37,94,82,47,41), (29,116,8,68,64,85,111,92,46,23,73), (59,87,51,32,102,40,20,6,69,115,107), (118,16,12,36,48,24,80,100,10,62,31), (2,119,88,56,110,96,120,30,50,93,5), (86,22,44,112,72,108,60,90,76,15,25), (11,33,28,66,84,70,104,18,114,38,95), (121,77,98,55,42,54,105,45,75,57,19), (43,49,14,99,63,35,78,52,26,65,61), (89,67,7,21,81,27,117,39,3,103,83), (71,1,109,53,106,91,9,13,113,97,79)
424725
(101,58,17,34,4,74,37,94,82,47,41), (29,116,8,68,64,85,111,92,46,23,73), (59,87,51,32,102,40,20,6,69,115,107), (118,16,12,36,48,24,80,100,10,62,31), (2,119,88,56,110,96,120,30,50,93,5), (86,22,44,112,72,108,60,90,76,15,25), (11,33,28,66,84,70,104,18,114,38,95), (121,77,98,55,42,105,54,45,75,57,19), (43,49,14,99,63,35,78,52,26,65,61), (89,67,7,21,81,27,117,39,3,103,83), (71,1,109,53,106,91,9,13,113,97,79)
424721
(101,58,17,8,4,74,37,94,82,47,41), (29,116,34,68,64,85,111,92,46,23,73), (59,87,51,32,102,40,20,6,69,115,107), (118,16,12,36,48,24,80,100,10,62,31), (2,119,88,56,110,96,120,30,50,93,5), (86,22,44,112,72,108,60,90,76,15,25), (11,33,28,66,84,70,104,18,114,38,95), (121,77,98,55,42,105,54,45,75,57,19), (43,49,14,99,63,35,78,52,26,65,61), (89,67,7,21,81,27,117,39,3,103,83), (71,1,109,53,106,91,9,13,113,97,79)
424633
(101,58,17,4,8,74,37,94,82,47,41), (29,116,34,68,64,85,111,92,46,23,73), (59,87,51,32,102,40,20,6,69,115,107), (118,16,12,36,48,24,80,100,10,62,31), (2,119,88,56,110,96,120,30,50,93,5), (86,22,44,112,72,108,60,90,76,15,25), (11,33,28,66,84,70,104,18,114,38,95), (121,77,98,55,42,105,54,45,75,57,19), (43,49,14,99,63,35,78,52,26,65,61), (89,67,7,21,81,27,117,39,3,103,83), (71,1,109,53,106,91,9,13,113,97,79)
424629
(101,58,17,4,8,74,37,94,82,47,41), (29,116,34,68,64,85,111,92,46,23,73), (59,87,51,32,102,40,20,6,69,115,107), (118,16,12,36,48,24,80,100,10,62,31), (2,119,88,56,72,96,120,30,50,93,5), (86,22,44,112,110,108,60,90,76,15,25), (11,33,28,66,84,70,104,18,114,38,95), (121,77,98,55,42,105,54,45,75,57,19), (43,49,14,99,63,35,78,52,26,65,61), (89,67,7,21,81,27,117,39,3,103,83), (71,1,109,53,106,91,9,13,113,97,79)
424590
(101,58,17,4,8,74,37,94,82,47,41), (29,116,34,68,64,85,111,92,46,23,73), (59,87,51,32,102,40,20,6,69,115,107), (118,16,12,36,48,24,80,100,10,62,31), (2,119,88,56,96,72,120,30,50,93,5), (86,22,44,112,110,108,60,90,76,15,25), (11,33,28,66,84,70,104,18,114,38,95), (121,77,98,55,42,105,54,45,75,57,19), (43,49,14,99,63,35,78,52,26,65,61), (89,67,7,21,81,27,117,39,3,103,83), (71,1,109,53,106,91,9,13,113,97,79)
424580
(101,58,17,4,8,74,37,94,82,47,41), (29,116,34,68,64,85,111,92,46,23,73), (59,87,51,32,102,40,20,6,69,115,107), (118,16,12,36,48,24,80,100,10,62,31), (2,119,88,56,96,72,120,30,50,93,5), (86,22,44,112,110,108,60,18,76,15,25), (11,33,28,66,84,70,104,90,114,38,95), (121,77,98,55,42,105,54,45,75,57,19), (43,49,14,99,63,35,78,52,26,65,61), (89,67,7,21,81,27,117,39,3,103,83), (71,1,109,53,106,91,9,13,113,97,79)
424556
(101,58,17,4,8,74,37,94,82,47,41), (29,116,34,68,64,85,111,92,46,23,73), (59,87,51,32,102,40,20,6,69,115,107), (118,16,12,36,48,24,80,100,10,62,31), (2,119,88,56,96,72,120,18,50,93,5), (86,22,44,112,110,108,60,30,76,15,25), (11,33,28,66,84,70,104,90,114,38,95), (121,77,98,55,42,105,54,45,75,57,19), (43,49,14,99,63,35,78,52,26,65,61), (89,67,7,21,81,27,117,39,3,103,83), (71,1,109,53,106,91,9,13,113,97,79)
Starting
822519
(88,2,51,8,115,48,44,83,40,30,58), (16,55,49,31,26,10,114,99,12,76,96), (75,95,13,17,108,109,45,41,107,32,104), (64,87,120,62,67,116,110,47,4,82,61), (19,89,56,113,38,21,102,53,74,85,20), (111,79,24,103,94,100,34,14,119,59,81), (29,54,23,1,97,66,3,80,91,25,117), (72,15,50,9,70,22,92,73,33,118,57), (121,28,71,42,98,105,36,46,39,37,6), (78,112,35,52,69,93,18,84,101,5,90), (65,60,11,86,106,68,27,77,43,63,7)
795963
(88,2,51,8,115,48,44,83,40,30,58), (16,55,49,31,26,10,114,99,12,76,96), (75,95,13,17,108,109,45,41,107,32,104), (64,87,120,62,67,116,110,47,4,82,61), (19,89,56,113,38,21,102,60,74,85,20), (111,79,24,103,94,100,34,14,119,59,81), (29,54,23,1,97,66,3,80,91,25,117), (72,15,50,9,70,22,92,73,33,118,57), (121,28,71,42,98,105,36,46,39,37,6), (78,112,35,52,69,93,18,84,101,5,90), (65,53,11,86,106,68,27,77,43,63,7)
775206
(88,2,51,8,115,48,44,83,40,30,58), (16,55,49,31,26,10,114,99,12,76,96), (75,95,13,17,108,109,45,41,107,32,104), (64,87,120,62,67,116,110,47,4,82,61), (19,89,56,113,38,21,102,60,74,85,20), (111,79,24,103,94,100,34,14,119,59,81), (29,54,23,1,90,66,3,80,91,25,117), (72,15,50,9,70,22,92,73,33,118,57), (121,28,71,42,98,105,36,46,39,37,6), (78,112,35,52,69,93,18,84,101,5,97), (65,53,11,86,106,68,27,77,43,63,7)
Starting
767698
(57,67,28,37,73,48,93,36,32,43,20), (24,91,62,71,35,26,17,113,96,89,114), (33,85,70,121,63,95,80,72,104,100,88), (19,13,1,79,4,99,77,106,56,22,40), (112,34,84,78,115,27,61,116,74,108,120), (83,94,41,87,110,109,30,64,23,97,49), (69,65,55,107,102,12,51,90,86,15,50), (42,21,8,6,53,44,92,9,52,47,117), (58,82,38,31,119,16,60,25,10,29,76), (3,81,14,98,39,68,5,46,59,118,111), (101,7,18,11,103,66,75,2,54,105,45)
748580
(57,67,28,37,73,48,93,36,32,43,20), (24,91,62,71,35,26,17,113,96,89,114), (33,85,70,121,63,95,80,72,104,100,88), (19,13,1,79,4,99,77,106,56,22,40), (112,34,84,78,115,27,61,116,74,108,120), (83,94,41,87,110,109,30,64,23,97,49), (69,65,55,107,102,12,51,90,86,15,50), (42,21,8,6,53,44,92,9,52,47,117), (58,82,38,31,119,16,60,25,10,29,76), (3,81,14,98,39,68,5,46,59,118,111), (101,7,18,11,103,66,75,2,54,105,45)
Starting
776807
(57,103,66,88,33,53,7,97,35,98,52), (6,109,10,115,107,83,102,94,38,36,68), (26,48,104,75,110,119,90,73,42,5,21), (31,63,18,108,92,27,70,45,60,101,16), (46,30,77,12,11,89,116,9,24,85,80), (121,41,114,81,72,17,79,71,39,15,84), (8,99,37,91,55,25,105,67,111,120,44), (2,78,50,86,65,51,4,56,93,117,40), (100,49,54,3,29,14,22,43,28,96,34), (13,64,59,106,47,74,61,82,32,19,113), (20,118,69,76,23,62,58,1,112,95,87)
Starting
832112
(90,17,8,79,97,73,92,112,93,60,52), (105,6,37,81,19,44,72,87,4,59,86), (107,41,33,106,78,26,23,76,102,80,38), (65,2,14,84,61,89,100,15,36,71,70), (34,66,10,39,3,96,55,43,91,95,21), (20,83,103,108,69,74,111,77,68,22,114), (31,28,64,63,110,117,42,58,16,75,121), (11,1,115,12,29,67,27,56,30,62,99), (88,13,57,45,40,9,50,94,101,25,120), (54,119,7,46,118,24,113,18,51,98,48), (116,47,49,35,5,109,53,85,104,82,32)
802962
(90,17,8,79,97,73,92,112,93,60,52), (105,6,37,81,19,44,72,87,4,59,86), (107,41,33,106,78,26,23,76,102,80,38), (65,2,14,84,61,89,100,15,36,71,70), (34,66,10,39,3,96,55,43,91,95,21), (20,83,103,108,69,74,111,77,68,22,114), (31,28,64,63,110,117,42,58,16,75,121), (11,1,115,12,29,67,27,56,30,62,99), (88,13,57,45,40,9,50,94,101,25,120), (54,119,7,46,118,24,113,18,51,98,48), (116,47,49,35,5,109,53,85,104,82,32)
Starting
755924
(121,14,80,91,51,116,64,59,31,8,65), (13,34,89,109,23,120,104,27,32,76,29), (95,21,82,112,107,49,84,68,33,111,114), (74,46,81,100,115,24,87,99,96,11,58), (6,4,20,101,75,92,90,28,5,18,39), (19,97,43,1,118,106,86,93,72,56,67), (113,25,45,60,66,70,2,38,110,88,42), (7,22,12,30,40,44,108,26,57,78,102), (17,41,117,61,9,3,83,52,94,48,69), (105,77,10,103,50,15,119,62,47,37,55), (85,36,63,73,79,98,35,71,53,16,54)
Starting
806583
(117,71,53,80,102,120,103,59,93,43,40), (63,35,24,106,108,38,50,16,23,79,22), (60,51,109,70,69,105,21,57,31,29,6), (52,19,118,73,67,46,101,75,89,110,114), (11,28,32,100,18,41,56,77,9,96,4), (111,81,30,115,113,7,36,91,8,87,84), (33,78,61,92,17,10,90,76,37,95,15), (72,66,116,49,54,58,121,3,25,97,26), (45,14,65,68,98,34,39,1,88,85,86), (64,48,62,83,104,44,42,107,2,27,82), (5,12,47,119,20,13,99,94,55,112,74)
785491
(117,71,53,80,102,120,103,59,93,43,40), (63,35,24,106,108,38,50,16,23,79,22), (60,51,109,70,69,105,21,57,31,29,6), (52,19,118,73,67,46,101,75,89,110,114), (11,28,32,100,18,41,56,77,9,96,4), (111,81,30,115,113,7,36,91,8,87,84), (33,78,61,92,17,10,90,76,37,95,15), (72,66,116,49,54,58,121,3,25,97,26), (45,14,65,68,98,34,39,1,88,85,86), (64,48,62,83,104,44,42,107,2,27,82), (5,12,47,119,20,13,99,94,55,112,74)
Starting
806605
(87,121,56,105,99,85,81,34,21,1,7), (117,50,79,96,89,86,55,20,65,40,45), (52,63,76,14,11,119,4,15,36,27,37), (47,41,112,113,60,98,91,28,116,12,10), (58,44,75,30,110,118,92,6,24,90,114), (73,54,88,9,23,74,104,19,57,109,16), (80,35,22,106,102,18,17,78,111,101,31), (13,115,42,59,8,94,93,49,53,5,107), (83,3,71,69,77,66,46,97,120,2,64), (26,108,100,61,29,103,72,32,67,82,38), (70,95,43,48,39,62,84,33,68,51,25)
Starting
755933
(86,3,69,23,35,32,116,34,19,25,4), (18,43,14,99,8,80,103,92,93,74,27), (5,55,53,38,26,78,114,13,85,108,46), (45,90,59,49,28,113,115,84,107,58,112), (76,7,20,39,98,100,81,48,111,95,37), (50,9,117,12,40,71,31,121,94,88,68), (109,41,42,87,57,97,120,106,16,24,52), (105,104,77,118,91,65,70,47,30,11,62), (72,60,21,119,79,101,73,96,54,17,61), (10,64,110,51,75,89,56,1,22,29,6), (82,2,66,102,63,15,44,36,83,67,33)