
Starting
3790222
(7,43,192,194,55,20,24,44,82,42,166,38,54,189), (87,5,163,179,136,17,83,71,149,34,57,35,65,99), (11,176,159,165,21,9,137,190,97,183,32,25,47,157), (150,46,61,175,108,26,186,134,90,109,56,52,122,6), (31,67,140,188,135,180,193,101,148,78,100,37,98,113), (49,112,144,18,169,130,168,174,191,2,120,185,80,195), (181,156,103,128,167,187,105,131,50,89,28,48,161,19), (60,142,62,59,76,85,68,158,123,77,14,16,58,92), (146,1,178,119,139,133,121,196,70,129,107,8,23,170), (111,66,145,4,81,177,164,12,13,51,162,27,126,106), (132,151,160,125,152,79,118,173,93,116,154,22,30,102), (172,94,96,36,91,72,41,143,33,115,84,171,10,45), (29,182,184,141,88,104,95,69,147,117,3,114,127,15), (40,155,53,110,64,124,39,153,74,63,86,75,73,138)
3731116
(7,43,192,194,55,20,24,44,82,42,166,38,54,189), (87,5,163,179,136,17,83,71,149,34,57,35,65,99), (11,176,159,165,21,9,137,190,97,183,32,25,47,157), (150,46,61,175,108,26,186,134,90,109,56,52,122,6), (31,67,140,188,135,180,193,101,148,78,100,37,98,113), (49,112,144,18,169,130,168,174,191,2,120,185,80,195), (181,156,103,128,167,187,105,131,50,89,28,48,161,19), (60,142,62,59,76,85,68,158,123,77,14,16,58,92), (146,1,178,119,139,133,121,196,70,129,107,8,23,170), (111,66,145,4,81,177,164,12,13,51,162,27,126,106), (132,151,160,125,152,79,118,173,93,116,154,22,30,102), (172,94,96,36,91,72,41,143,33,115,84,171,10,45), (29,182,184,141,88,104,95,69,147,117,3,114,127,15), (40,155,53,110,64,124,39,153,74,63,86,75,73,138)
Starting
3795712
(24,135,49,10,51,107,68,100,16,61,171,148,14,118), (4,122,15,139,152,187,18,156,169,196,180,11,149,176), (160,112,34,82,141,137,2,188,70,185,31,134,161,23), (28,132,124,92,33,184,87,115,178,153,27,162,158,183), (37,165,66,73,12,117,111,25,144,190,155,95,13,55), (131,56,59,130,78,181,29,195,48,96,86,138,182,168), (76,172,22,1,110,106,50,58,85,194,53,67,94,19), (147,128,98,41,173,47,17,42,35,151,150,69,54,143), (108,116,65,40,84,99,6,57,175,43,88,159,146,103), (36,8,121,9,3,80,189,170,52,83,32,129,38,79), (44,20,7,125,46,45,157,193,93,164,113,119,127,192), (179,174,166,75,101,133,74,102,104,142,140,154,167,89), (26,90,64,72,5,114,136,120,163,97,177,126,186,77), (105,81,71,60,145,91,63,109,21,62,39,30,191,123)
3714255
(24,135,49,10,51,107,68,100,16,61,171,148,14,118), (4,122,15,139,152,187,18,156,169,196,180,11,149,176), (160,112,34,82,141,137,2,188,70,185,31,134,161,23), (28,132,124,92,33,184,87,115,178,153,27,162,158,183), (37,165,66,73,12,117,111,25,144,190,155,95,13,55), (131,56,59,130,78,181,29,195,48,96,86,138,182,168), (76,172,22,1,110,106,50,58,85,194,53,67,94,19), (147,128,98,41,173,47,17,42,35,151,150,69,54,143), (108,116,65,40,84,99,6,57,175,43,88,159,146,103), (36,8,121,9,3,80,189,170,52,83,32,129,38,79), (44,20,7,125,46,45,157,193,93,164,113,119,127,192), (179,174,166,75,101,133,74,102,104,142,140,154,167,89), (26,90,64,72,5,114,136,120,163,97,177,126,186,77), (105,81,71,60,145,91,63,109,21,62,39,30,191,123)
Starting
NaN
(18,134,38,129,128,174,62,166,16,89,156,181,100,5), (65,136,103,135,124,188,125,41,33,115,107,142,132,9), (149,173,196,194,150,45,167,121,183,123,47,189,74,111), (67,52,59,130,148,133,141,113,118,15,92,102,58,193), (178,76,144,24,87,157,80,6,164,50,168,169,96,25), (43,98,179,159,83,122,82,195,21,117,42,139,10,34), (78,72,126,75,53,13,112,39,26,165,31,93,32,97), (48,110,158,3,86,152,177,17,63,131,184,162,161,137), (146,4,140,20,163,170,185,70,37,145,22,94,46,68), (151,88,182,8,109,160,119,155,69,176,153,175,66,55), (2,19,12,44,104,7,143,23,30,56,91,77,114,190), (36,54,127,171,186,79,90,35,14,1,60,85,191,51), (138,192,29,28,154,120,61,106,108,11,27,81,187,105), (180,40,71,84,57,172,99,101,147,116,95,64,73,49)
Starting
NaN
(123,112,60,114,186,91,8,10,23,27,84,194,127,169), (47,34,86,143,41,135,163,189,72,171,7,104,176,54), (77,6,138,36,71,139,39,179,57,14,76,153,55,67), (195,126,141,188,157,122,178,85,109,164,166,90,15,11), (82,16,175,174,131,81,120,98,66,146,88,155,24,180), (75,93,168,108,94,115,125,63,158,145,111,42,124,107), (142,102,48,25,161,53,97,65,31,61,121,137,9,149), (187,133,184,52,96,191,3,5,159,26,19,190,50,12), (132,119,172,38,113,165,185,40,92,13,37,181,28,33), (89,1,43,44,22,167,147,173,95,68,144,177,21,130), (99,182,148,136,128,106,30,154,73,78,59,150,62,134), (83,35,4,51,116,74,87,103,64,80,170,140,29,46), (151,162,56,70,118,32,193,2,192,196,20,110,156,49), (152,160,58,105,18,17,79,129,69,45,183,100,101,117)
Starting
3720196
(106,109,32,99,45,120,132,136,141,193,8,30,79,31), (47,164,28,88,7,181,118,174,6,102,63,96,72,16), (146,179,114,152,55,76,44,4,89,144,51,122,130,121), (36,29,177,2,182,11,191,90,5,59,87,165,123,67), (21,15,58,156,60,149,81,68,61,70,26,180,13,38), (196,10,162,33,103,25,161,188,112,98,94,78,62,50), (80,134,105,9,175,64,75,54,135,186,17,101,131,41), (24,163,145,14,3,185,187,173,140,77,65,82,40,35), (49,18,86,139,169,12,34,91,92,176,37,124,127,154), (153,167,48,195,189,157,115,73,151,85,150,119,43,107), (20,133,39,158,111,52,57,184,113,53,168,19,108,166), (97,128,137,183,95,190,142,22,160,129,71,147,93,100), (56,84,42,74,171,83,69,27,66,110,117,194,116,126), (148,178,104,172,159,46,138,1,143,192,23,170,125,155)
3648255
(106,109,32,99,45,120,132,136,141,193,8,30,79,31), (47,164,28,88,7,181,118,174,6,102,63,96,72,16), (146,179,114,152,55,76,44,4,89,144,51,122,130,121), (36,29,177,2,182,11,191,90,5,59,87,165,123,67), (21,15,58,156,60,149,81,68,61,70,26,180,13,38), (196,10,162,33,103,25,161,188,112,98,94,78,62,50), (80,134,105,9,175,64,75,54,135,186,17,101,131,41), (24,163,145,14,3,185,187,173,140,77,65,82,40,35), (49,18,86,139,169,12,34,91,92,176,37,124,127,154), (153,167,48,195,189,157,115,73,151,85,150,119,43,107), (20,133,39,158,111,52,57,184,113,53,168,19,108,166), (97,128,137,183,95,190,142,22,160,129,71,147,93,100), (56,84,42,74,171,83,69,27,66,110,117,194,116,126), (148,178,104,172,159,46,138,1,143,192,23,170,125,155)
Starting
3858548
(5,176,44,76,136,105,193,122,111,22,196,143,87,125), (24,146,152,85,128,187,98,62,178,190,92,20,77,118), (172,59,184,192,164,72,58,18,169,25,73,46,37,80), (158,101,97,156,33,41,84,148,131,110,127,181,168,48), (78,113,129,151,161,60,149,71,12,109,108,17,157,180), (90,182,81,55,183,34,121,134,38,40,31,144,167,36), (155,141,173,66,145,166,165,43,63,56,6,94,23,119), (117,100,65,93,147,159,123,14,13,67,191,142,50,126), (120,116,114,103,91,124,130,16,140,68,1,170,83,150), (95,28,106,79,162,47,9,3,177,70,175,51,69,88), (57,35,171,53,26,11,54,42,96,2,30,64,15,174), (49,188,21,135,153,19,89,8,74,32,189,154,138,186), (4,104,27,86,194,115,82,179,39,163,112,185,133,132), (139,52,107,61,137,99,102,29,7,45,10,160,195,75)
3786787
(5,176,44,76,136,105,193,122,111,22,196,143,87,125), (24,146,152,85,128,187,98,62,178,190,92,20,77,118), (172,59,184,192,164,72,58,18,169,25,73,46,37,80), (158,101,97,156,33,41,84,148,131,110,127,181,168,48), (78,113,129,151,161,60,149,71,12,109,108,17,157,180), (90,182,81,55,183,34,121,134,38,40,31,144,167,36), (155,141,173,66,145,166,165,43,63,56,6,94,23,119), (117,100,65,93,147,159,123,14,13,67,191,142,50,126), (120,116,114,103,91,124,130,16,140,68,1,170,83,150), (95,28,106,79,162,47,9,3,177,70,175,51,69,88), (57,35,171,53,26,11,54,42,96,2,30,64,15,174), (49,188,21,135,153,19,89,8,74,32,189,154,138,186), (4,104,27,86,194,115,82,179,39,163,112,185,133,132), (139,52,107,61,137,99,102,29,7,45,10,160,195,75)
Starting
3708161
(162,7,23,122,159,190,8,171,138,176,3,57,189,183), (22,124,31,192,71,115,69,191,155,45,185,135,145,101), (129,41,1,143,174,79,131,132,127,182,125,17,68,163), (66,4,5,50,100,148,169,62,104,76,87,103,55,92), (86,70,20,186,170,34,38,184,25,117,56,95,74,80), (114,134,60,18,156,19,146,78,116,108,84,167,81,139), (175,28,130,119,172,180,152,35,142,15,102,59,53,136), (85,111,11,177,193,96,63,123,121,9,33,168,144,141), (187,112,181,126,64,2,16,37,24,72,158,94,120,97), (173,32,128,157,109,179,12,195,43,88,149,194,6,98), (77,196,42,140,83,113,151,154,52,10,44,160,137,39), (29,75,118,164,65,47,58,13,14,67,82,147,51,161), (48,91,107,49,73,188,106,153,26,166,165,36,110,54), (27,89,99,40,93,133,178,61,90,150,21,46,105,30)
3630140
(162,7,23,122,159,190,8,171,138,176,3,57,189,183), (22,124,31,192,71,115,69,191,155,45,185,135,145,101), (129,41,1,143,174,79,131,132,127,182,125,17,68,163), (66,4,5,50,100,148,169,62,104,76,87,103,55,92), (86,70,20,186,170,34,38,184,25,117,56,95,74,80), (114,134,60,18,156,19,146,78,116,108,84,167,81,139), (175,28,130,119,172,180,152,35,142,15,102,59,53,136), (85,111,11,177,193,96,63,123,121,9,33,168,144,141), (187,112,181,126,64,2,16,37,24,72,158,94,120,97), (173,32,128,157,109,179,12,195,43,88,149,194,6,98), (77,196,42,140,83,113,151,154,52,10,44,160,137,39), (29,75,118,164,65,47,58,13,14,67,82,147,51,161), (48,91,107,49,73,188,106,153,26,166,165,36,110,54), (27,89,99,40,93,133,178,61,90,150,21,46,105,30)
Starting
3605156
(191,195,26,164,185,103,40,25,170,196,127,104,139,182), (35,168,37,94,179,50,148,76,86,110,55,73,130,62), (165,100,91,145,117,63,147,64,192,113,106,176,181,82), (136,166,115,183,133,61,56,79,42,194,105,2,47,23), (83,19,161,157,71,135,122,125,77,150,3,126,124,27), (129,108,134,102,143,52,8,162,90,84,5,97,68,131), (6,89,155,69,39,65,178,187,132,51,53,7,141,173), (177,140,149,24,59,20,188,75,28,30,158,11,87,13), (9,32,99,16,144,112,18,120,60,57,33,159,44,114), (186,154,184,189,58,72,193,12,111,123,81,74,34,95), (152,22,10,119,21,160,180,29,116,46,172,121,41,175), (137,98,88,38,48,151,54,67,43,36,17,14,171,128), (49,78,1,45,101,146,156,92,66,85,138,80,107,153), (93,169,190,167,142,109,15,70,96,31,174,118,163,4)
3546376
(191,195,26,164,185,103,40,25,170,196,127,104,139,182), (35,168,37,94,179,50,148,76,86,110,55,73,130,62), (165,100,91,145,117,63,147,64,192,113,106,176,181,82), (136,166,115,183,133,61,56,79,42,194,105,2,47,23), (83,19,161,157,71,135,122,125,77,150,3,126,124,27), (129,108,134,102,143,52,8,162,90,84,5,97,68,131), (6,89,155,69,39,65,178,187,132,51,53,7,141,173), (177,140,149,24,59,20,188,75,28,30,158,11,87,13), (9,32,99,16,144,112,18,120,60,57,33,159,44,114), (186,154,184,189,58,72,193,12,111,123,81,74,34,95), (152,22,10,119,21,160,180,29,116,46,172,121,41,175), (137,98,88,38,48,151,54,67,43,36,17,14,171,128), (49,78,1,45,101,146,156,92,66,85,138,80,107,153), (93,169,190,167,142,109,15,70,96,31,174,118,163,4)