
982
(1,16,4,9), (8,14,2,15), (12,7,13,10), (11,6,3,5)
926
(1,16,4,13), (8,14,2,15), (12,7,9,10), (11,6,3,5)
887
(1,16,4,13), (8,14,2,15), (7,12,9,10), (11,6,3,5)
866
(1,16,4,13), (8,14,2,10), (7,12,9,15), (11,6,3,5)
844
(1,16,4,13), (8,14,2,10), (7,12,6,15), (11,9,3,5)
824
(1,16,4,13), (14,8,2,10), (7,12,6,15), (11,9,3,5)
818
(1,16,2,13), (14,8,4,10), (7,12,6,15), (11,9,3,5)
812
(11,7,1,5), (2,14,10,15), (16,4,12,9), (13,8,6,3)
808
(11,7,1,5), (2,14,10,15), (4,16,12,9), (13,8,6,3)
802
(3,9,16,8), (15,6,12,4), (5,10,14,2), (13,1,7,11)
Starting
NaN
(3,4,10,2), (16,8,6,14), (15,13,1,12), (11,5,7,9)
Starting
NaN
(1,5,2,7), (6,4,8,11), (12,3,16,13), (10,15,14,9)
Starting
NaN
(8,11,10,16), (1,13,14,3), (15,2,12,4), (6,9,7,5)
Starting
NaN
(1,5,15,3), (6,4,13,12), (8,14,2,10), (7,16,9,11)
Starting
NaN
(7,4,10,6), (8,11,15,9), (5,1,14,2), (3,13,16,12)
Starting
NaN
(14,8,6,12), (9,4,13,7), (2,16,3,11), (5,15,1,10)
Starting
NaN
(7,8,2,6), (14,15,1,12), (13,16,11,9), (3,4,10,5)
Starting
NaN
(7,6,15,12), (13,16,2,5), (8,4,14,3), (1,9,10,11)
Starting
NaN
(11,6,12,16), (15,9,1,10), (4,8,13,2), (5,14,7,3)
Starting
NaN
(11,10,14,13), (15,3,1,8), (7,16,5,9), (2,4,6,12)
Starting
NaN
(6,8,2,5), (16,12,10,13), (1,9,4,14), (3,7,15,11)
Starting
NaN
(12,11,16,7), (15,5,13,6), (1,3,4,10), (2,9,14,8)
Starting
NaN
(15,4,8,11), (1,7,2,9), (3,13,10,12), (5,6,14,16)
Starting
NaN
(1,10,13,6), (11,7,15,16), (2,14,3,9), (5,4,12,8)
Starting
NaN
(15,4,16,11), (7,12,2,10), (8,1,13,5), (9,14,6,3)
Starting
NaN
(4,9,14,2), (12,3,10,5), (15,16,13,11), (1,6,8,7)
Starting
NaN
(14,16,1,15), (7,13,11,3), (12,2,4,8), (5,6,9,10)
Starting
NaN
(3,15,4,2), (8,16,6,14), (1,7,9,13), (12,5,10,11)
Starting
NaN
(10,11,3,16), (13,9,7,1), (14,2,5,8), (15,4,6,12)
Starting
NaN
(13,1,11,2), (14,5,6,4), (9,10,16,7), (15,3,8,12)
Starting
NaN
(11,4,8,7), (12,3,15,6), (9,13,10,14), (2,16,5,1)
Starting
NaN
(9,6,12,11), (14,10,3,15), (1,4,5,2), (8,13,7,16)
Starting
NaN
(1,6,10,8), (9,5,15,7), (13,3,2,16), (4,12,14,11)
Starting
NaN
(1,14,8,13), (4,2,15,11), (12,9,7,6), (3,16,5,10)
Starting
NaN
(12,16,11,5), (1,4,10,2), (15,3,6,8), (14,9,13,7)
Starting
NaN
(14,1,13,15), (8,10,2,11), (16,6,5,4), (7,12,3,9)
Starting
NaN
(12,6,13,8), (10,14,16,11), (1,3,15,5), (4,7,2,9)
Starting
NaN
(4,9,14,1), (3,13,6,12), (16,11,2,5), (7,10,8,15)
Starting
NaN
(1,13,7,6), (14,2,16,3), (4,12,8,5), (10,11,9,15)
Starting
NaN
(14,7,15,6), (16,5,12,13), (8,11,1,10), (9,2,3,4)
Starting
NaN
(7,15,3,8), (2,5,13,9), (1,14,6,16), (10,11,4,12)
Starting
NaN
(2,8,7,10), (14,1,4,16), (5,3,9,6), (11,15,12,13)
Starting
NaN
(15,7,12,2), (16,6,9,8), (14,11,10,1), (13,4,3,5)
Starting
NaN
(11,10,3,7), (12,5,15,14), (6,13,8,2), (16,9,1,4)
Starting
NaN
(9,2,7,11), (14,16,8,15), (1,13,4,10), (3,12,5,6)
Starting
NaN
(14,7,2,12), (9,1,10,8), (11,3,4,16), (5,13,15,6)
Starting
NaN
(12,14,8,9), (4,13,2,1), (16,11,7,5), (10,15,6,3)
Starting
NaN
(3,8,10,12), (2,14,15,4), (6,1,16,11), (5,13,9,7)
Starting
NaN
(1,11,7,3), (4,14,9,8), (15,5,2,13), (6,12,16,10)
Starting
NaN
(15,6,7,2), (3,4,1,16), (9,13,11,12), (14,5,10,8)
Starting
NaN
(14,5,13,10), (15,9,8,6), (16,7,12,1), (11,3,2,4)
Starting
NaN
(9,16,1,15), (7,11,5,12), (2,8,3,13), (6,14,4,10)
Starting
NaN
(2,15,3,12), (4,16,5,8), (9,1,6,10), (11,14,13,7)
Starting
NaN
(6,16,13,5), (1,12,7,3), (10,9,15,2), (8,11,14,4)
Starting
NaN
(8,2,9,1), (16,15,11,7), (12,4,3,6), (10,14,13,5)
Starting
NaN
(11,14,16,15), (5,4,9,12), (10,6,1,8), (7,2,3,13)
Starting
NaN
(7,11,1,14), (4,12,5,6), (2,10,16,13), (8,9,3,15)
Starting
NaN
(13,15,3,11), (6,4,14,12), (16,9,8,7), (10,2,5,1)
Starting
NaN
(14,1,12,9), (5,4,15,2), (7,8,3,10), (6,16,13,11)
Starting
NaN
(14,2,15,1), (8,9,13,4), (16,7,5,10), (12,3,11,6)
Starting
NaN
(10,14,6,16), (8,4,5,15), (2,12,9,1), (13,11,7,3)
Starting
NaN
(12,15,8,11), (10,2,16,7), (5,1,14,4), (3,9,13,6)
Starting
NaN
(7,6,14,8), (5,15,10,16), (2,12,3,4), (13,9,11,1)
Starting
NaN
(12,16,1,15), (13,9,6,10), (2,4,11,7), (8,3,5,14)
Starting
NaN
(12,14,4,11), (9,8,16,2), (10,6,15,13), (3,7,5,1)
Starting
NaN
(5,4,3,2), (8,6,14,11), (15,16,7,9), (12,1,13,10)
Starting
NaN
(11,6,12,8), (16,7,3,15), (2,1,10,4), (5,13,9,14)
Starting
NaN
(11,1,16,13), (14,10,8,4), (3,15,12,5), (2,7,9,6)
Starting
NaN
(2,15,8,1), (3,9,10,13), (16,4,12,5), (11,14,7,6)
Starting
NaN
(7,6,4,10), (3,9,11,5), (13,14,12,15), (16,8,2,1)
Starting
NaN
(2,10,8,6), (12,4,15,9), (3,5,11,13), (14,1,7,16)
Starting
NaN
(11,6,2,4), (10,12,7,8), (9,14,16,1), (5,3,13,15)
Starting
NaN
(4,14,3,13), (7,5,1,8), (16,11,2,12), (9,10,6,15)
Starting
NaN
(12,13,16,8), (2,14,9,10), (4,6,7,5), (15,11,1,3)
Starting
NaN
(16,12,14,5), (6,9,1,11), (3,15,8,4), (10,7,2,13)
Starting
NaN
(15,4,2,10), (6,1,8,13), (7,12,11,14), (9,3,16,5)
Starting
NaN
(1,4,16,8), (10,2,9,11), (14,15,7,6), (3,13,12,5)
Starting
NaN
(7,6,11,2), (12,14,9,5), (3,4,15,16), (8,1,10,13)
Starting
NaN
(14,7,12,5), (6,3,16,13), (9,11,4,1), (15,10,2,8)
Starting
NaN
(14,15,10,1), (8,3,13,6), (2,4,5,9), (12,7,16,11)
Starting
NaN
(14,15,10,3), (13,12,9,5), (2,4,11,7), (16,8,6,1)
Starting
NaN
(15,6,2,8), (12,7,3,14), (4,9,1,10), (16,5,13,11)
Starting
NaN
(9,6,14,1), (2,13,15,3), (16,11,12,10), (7,4,8,5)
Starting
NaN
(5,6,12,14), (4,1,2,10), (8,16,9,7), (13,11,15,3)
Starting
NaN
(10,16,13,4), (6,7,1,5), (3,9,8,15), (2,11,12,14)
Starting
NaN
(8,7,5,9), (1,13,16,10), (12,15,4,14), (6,3,2,11)
Starting
NaN
(3,14,2,11), (7,15,13,4), (1,5,9,12), (10,16,6,8)
Starting
NaN
(2,8,1,6), (12,4,15,14), (7,10,13,3), (9,11,5,16)
Starting
NaN
(4,6,13,5), (1,15,12,11), (7,14,10,3), (16,8,9,2)
Starting
NaN
(4,2,12,11), (14,5,6,16), (3,9,15,10), (8,1,13,7)
Starting
NaN
(12,11,7,5), (9,1,2,3), (14,15,13,4), (8,6,16,10)
Starting
NaN
(11,14,4,10), (16,5,3,13), (1,6,2,15), (12,8,9,7)
Starting
NaN
(8,15,16,1), (5,12,4,9), (2,6,7,10), (3,11,13,14)
Starting
NaN
(2,12,8,15), (7,14,1,10), (5,13,6,4), (9,3,11,16)
Starting
NaN
(5,6,9,4), (8,10,3,13), (2,16,15,11), (12,7,1,14)
Starting
NaN
(10,14,16,13), (2,4,6,15), (7,1,9,5), (11,12,3,8)
Starting
NaN
(7,13,10,16), (6,2,4,3), (11,8,12,14), (5,15,9,1)
Starting
NaN
(10,16,8,14), (12,2,3,5), (13,1,15,6), (9,4,11,7)
Starting
NaN
(6,4,2,10), (8,16,11,1), (7,15,13,12), (9,5,14,3)
Starting
NaN
(3,5,8,12), (14,1,7,11), (13,15,6,2), (4,16,9,10)
Starting
NaN
(5,14,3,11), (6,13,7,9), (12,10,8,15), (16,2,4,1)
Starting
NaN
(8,11,9,16), (4,1,3,6), (7,14,2,10), (5,12,15,13)
Starting
NaN
(4,16,14,15), (10,11,5,1), (9,3,13,8), (7,12,6,2)
Starting
NaN
(8,4,12,16), (10,14,6,13), (5,11,7,2), (15,1,9,3)
Starting
NaN
(16,15,13,8), (6,4,3,11), (10,12,1,14), (5,9,2,7)
Starting
NaN
(14,3,2,12), (10,1,7,5), (8,15,13,9), (11,4,16,6)
Starting
NaN
(8,15,12,7), (6,10,4,11), (16,9,5,2), (14,13,3,1)
Starting
NaN
(1,7,9,12), (10,2,6,16), (4,3,5,11), (13,14,15,8)
Starting
NaN
(7,2,15,14), (8,13,16,1), (3,6,9,10), (5,4,12,11)
Starting
NaN
(14,6,15,3), (13,4,10,9), (5,16,1,12), (8,7,2,11)
Starting
NaN
(14,8,12,9), (10,7,6,16), (3,13,1,4), (2,11,15,5)
Starting
NaN
(4,12,1,8), (3,9,5,14), (15,16,11,2), (7,6,10,13)
Starting
NaN
(4,5,9,3), (1,12,11,8), (7,2,15,16), (10,13,6,14)
Starting
NaN
(12,3,11,9), (13,14,1,5), (10,16,6,2), (4,7,15,8)
Starting
NaN
(13,4,3,5), (2,12,11,15), (16,1,8,14), (10,6,7,9)
Starting
NaN
(4,3,1,9), (6,5,15,8), (2,11,7,10), (13,12,16,14)
Starting
NaN
(1,15,3,2), (7,16,8,5), (4,13,10,9), (14,6,11,12)
Starting
NaN
(11,15,2,10), (9,3,16,7), (13,8,5,4), (6,14,12,1)
Starting
NaN
(11,9,12,10), (2,6,15,3), (14,1,8,4), (13,5,7,16)
Starting
NaN
(9,16,14,12), (11,2,10,6), (8,4,3,7), (5,15,13,1)
Starting
NaN
(1,13,6,2), (11,9,3,7), (15,14,12,16), (4,8,10,5)
Starting
NaN
(3,7,13,8), (11,4,10,16), (9,5,14,6), (2,12,15,1)
Starting
NaN
(16,1,7,8), (10,13,12,14), (6,9,11,15), (3,2,4,5)
Starting
NaN
(4,1,3,11), (12,5,7,9), (14,15,8,6), (10,2,13,16)
Starting
NaN
(1,2,15,4), (8,9,6,12), (5,13,3,11), (7,10,16,14)
Starting
NaN
(5,14,1,4), (7,13,2,8), (16,9,11,15), (3,6,12,10)
Starting
NaN
(4,7,2,15), (13,10,14,12), (1,8,9,16), (11,6,3,5)
Starting
NaN
(1,14,9,2), (5,8,16,3), (4,13,10,15), (7,12,6,11)
Starting
NaN
(5,8,1,14), (13,3,2,16), (6,12,4,9), (10,15,11,7)
Starting
NaN
(14,11,1,9), (8,7,2,13), (4,16,12,3), (6,10,5,15)
Starting
NaN
(9,12,4,5), (16,3,8,6), (15,13,1,10), (2,7,11,14)
Starting
NaN
(11,8,15,1), (13,5,7,16), (12,9,2,14), (6,3,10,4)
Starting
NaN
(7,5,15,10), (9,11,14,1), (2,3,13,8), (4,12,6,16)
Starting
NaN
(16,13,5,6), (14,7,9,10), (11,8,4,15), (1,12,2,3)
Starting
NaN
(15,10,8,7), (1,3,14,4), (11,2,5,12), (6,9,13,16)
Starting
NaN
(15,14,7,12), (9,5,3,1), (6,13,16,2), (11,10,8,4)
Starting
NaN
(5,6,13,1), (11,15,8,12), (2,16,9,10), (14,4,3,7)
Starting
NaN
(11,4,13,12), (5,15,3,10), (7,9,6,16), (14,1,8,2)
Starting
NaN
(1,3,5,14), (8,6,15,4), (10,2,13,7), (12,9,16,11)
Starting
NaN
(11,4,9,14), (1,16,6,8), (3,7,12,13), (2,15,5,10)
Starting
999
(12,8,7,13), (1,9,16,15), (6,4,3,14), (11,2,10,5)
947
(12,8,7,13), (1,9,16,15), (6,4,3,14), (11,2,10,5)
Starting
1051
(5,11,16,3), (2,15,10,14), (9,1,4,8), (13,12,7,6)
Starting
1050
(8,5,16,4), (11,15,9,7), (13,2,12,1), (10,3,6,14)
Starting
1032
(16,12,11,10), (4,2,7,6), (8,14,5,13), (1,15,3,9)
Starting
1101
(9,5,11,4), (2,15,14,7), (16,8,10,3), (12,1,13,6)
Starting
1090
(15,9,13,6), (14,11,3,8), (7,12,1,16), (4,5,10,2)
Starting
1115
(11,8,1,2), (5,3,9,10), (15,7,13,4), (14,16,12,6)
Starting
1153
(4,15,9,8), (11,7,14,13), (2,16,10,1), (5,12,3,6)
Starting
1169
(3,14,12,10), (1,2,15,4), (11,5,9,13), (16,8,7,6)
Starting
1177
(6,16,13,2), (14,4,1,15), (7,8,11,3), (10,9,5,12)
Starting
1057
(3,1,15,10), (11,16,5,7), (13,8,4,2), (6,9,14,12)
Starting
1187
(9,14,13,8), (2,12,11,5), (15,7,4,1), (16,6,10,3)
Starting
1141
(12,1,9,15), (14,5,13,16), (7,6,4,11), (3,10,8,2)
Starting
1020
(10,9,15,5), (3,8,6,16), (2,11,13,4), (14,7,12,1)
Starting
1150
(11,2,5,7), (3,1,16,12), (14,13,9,8), (4,10,15,6)
Starting
1013
(13,2,3,11), (10,8,7,4), (15,16,5,6), (1,9,12,14)
941
(13,2,3,11), (10,8,7,4), (15,16,5,6), (1,9,12,14)
Starting
1211
(6,5,13,9), (14,2,1,4), (16,10,8,7), (12,3,11,15)
Starting
1121
(16,5,10,1), (3,7,14,12), (2,9,4,6), (13,11,8,15)
Starting
1083
(15,3,12,16), (13,14,4,1), (11,2,9,8), (7,5,10,6)
Starting
1108
(6,15,13,5), (2,9,12,3), (4,7,1,16), (8,14,11,10)
Starting
1026
(11,7,3,2), (5,8,16,12), (14,6,13,9), (4,10,15,1)
Starting
1104
(5,2,4,15), (8,14,9,3), (10,7,16,12), (6,13,11,1)
Starting
1058
(1,7,8,10), (2,11,4,12), (5,6,15,14), (13,3,16,9)
Starting
1118
(4,11,1,9), (3,7,10,16), (5,2,14,12), (13,8,6,15)
Starting
1046
(13,16,4,11), (7,8,6,5), (14,9,3,10), (15,1,2,12)
Starting
1077
(2,1,14,4), (3,7,6,10), (5,8,9,13), (11,16,15,12)
Starting
1175
(3,1,2,7), (5,13,16,8), (4,9,10,6), (14,12,11,15)
Starting
1040
(12,1,11,13), (6,7,10,15), (4,3,16,2), (14,8,9,5)
Starting
1150
(16,12,13,5), (2,1,7,11), (14,9,8,6), (3,4,10,15)
Starting
1076
(2,1,5,11), (4,7,16,6), (15,9,10,8), (3,13,12,14)
Starting
1016
(5,6,12,8), (9,4,3,16), (14,11,10,1), (13,15,7,2)
Starting
1125
(16,2,15,5), (14,1,11,3), (7,6,9,13), (4,8,10,12)
Starting
1092
(15,5,1,2), (12,7,8,14), (6,3,4,9), (11,13,10,16)
Starting
1141
(2,8,12,15), (11,9,10,14), (3,7,13,5), (1,6,16,4)
Starting
1037
(13,10,15,8), (3,9,14,1), (6,12,7,5), (11,16,4,2)
902
(13,10,15,8), (3,9,14,1), (6,12,7,5), (11,16,4,2)
Starting
1177
(14,1,15,12), (5,6,2,9), (4,3,8,13), (16,7,11,10)
Starting
1118
(4,10,7,1), (6,11,15,16), (2,3,14,13), (5,12,9,8)
Starting
1067
(10,6,1,5), (11,9,13,15), (12,7,14,4), (3,16,8,2)
Starting
1044
(8,1,3,11), (14,6,10,5), (7,2,15,13), (16,4,9,12)
Starting
1119
(6,10,7,8), (2,1,15,14), (3,12,11,9), (13,5,4,16)
Starting
1172
(3,5,13,9), (8,11,4,7), (15,14,1,12), (16,6,2,10)
Starting
1087
(11,7,1,16), (10,12,2,3), (9,8,14,6), (15,13,5,4)
Starting
1075
(1,5,16,15), (11,13,4,7), (8,6,14,12), (2,3,10,9)
Starting
1094
(4,6,11,2), (16,14,3,12), (9,1,10,8), (13,5,7,15)
Starting
1000
(14,10,6,15), (8,12,1,5), (13,7,9,3), (2,16,4,11)
Starting
1009
(13,1,7,3), (16,9,4,6), (12,14,10,5), (11,8,15,2)
Starting
1161
(14,15,13,16), (5,9,11,3), (2,6,8,1), (10,4,7,12)
Starting
1099
(7,4,11,10), (8,2,5,12), (1,9,15,14), (13,6,16,3)
Starting
1154
(6,4,8,15), (13,3,12,1), (5,11,9,10), (16,14,7,2)
Starting
1075
(10,15,7,16), (2,14,13,5), (11,8,12,9), (6,3,4,1)
Starting
1086
(9,3,12,7), (8,10,16,1), (6,2,11,15), (4,14,5,13)
Starting
1188
(10,1,16,14), (3,5,13,4), (7,9,2,15), (11,12,8,6)
Starting
1099
(13,4,5,7), (1,2,11,12), (8,16,3,9), (15,10,14,6)
Starting
1081
(15,8,14,4), (9,10,7,11), (12,3,6,13), (2,16,5,1)
Starting
972
(4,13,16,12), (7,8,6,11), (9,14,15,2), (1,10,5,3)
Starting
1042
(11,4,8,3), (15,12,1,2), (5,14,9,6), (10,7,13,16)
Starting
1068
(12,2,7,3), (10,11,6,14), (16,5,4,15), (8,13,1,9)
Starting
1216
(2,15,5,9), (4,11,13,8), (14,3,1,6), (12,7,16,10)
Starting
1020
(8,4,15,2), (16,6,13,5), (12,14,1,11), (3,10,9,7)
Starting
1070
(4,16,7,3), (8,13,15,11), (6,12,9,10), (5,14,1,2)
Starting
1006
(11,9,13,1), (10,2,16,3), (12,15,8,4), (7,5,14,6)
Starting
1183
(4,5,2,6), (11,7,9,10), (3,16,8,1), (15,13,12,14)
Starting
1123
(8,5,12,1), (3,4,6,16), (7,15,13,14), (2,9,11,10)
Starting
994
(11,8,7,1), (15,16,2,12), (5,3,6,4), (10,9,13,14)
Starting
1144
(8,7,2,15), (14,5,3,1), (10,12,11,13), (4,9,16,6)
Starting
1049
(13,9,14,3), (4,8,6,1), (11,7,10,12), (15,16,5,2)
Starting
1097
(2,4,12,16), (1,7,5,6), (11,14,10,9), (15,13,3,8)
Starting
1099
(7,4,12,2), (5,16,9,14), (11,1,13,8), (15,10,3,6)
Starting
1062
(1,13,16,12), (15,5,6,3), (7,2,9,8), (10,11,4,14)
Starting
1188
(12,3,13,6), (16,9,14,11), (10,1,2,15), (5,7,8,4)
Starting
1078
(5,1,14,9), (6,15,12,8), (11,13,2,10), (3,7,4,16)
Starting
1166
(8,9,14,6), (4,7,2,5), (3,16,11,13), (1,10,15,12)
Starting
1239
(16,7,5,9), (13,4,1,8), (6,3,2,12), (10,11,14,15)
Starting
979
(10,15,13,7), (6,12,14,4), (1,3,16,9), (5,2,8,11)
Starting
996
(14,9,10,15), (7,3,11,5), (16,8,13,12), (2,6,4,1)
Starting
1100
(2,4,5,15), (1,6,9,14), (7,10,12,16), (8,3,11,13)
Starting
1075
(3,14,16,11), (1,6,2,9), (10,12,8,5), (15,13,7,4)
Starting
1142
(12,13,14,1), (7,4,8,10), (5,9,3,6), (2,11,16,15)
Starting
1149
(1,11,16,10), (14,15,9,2), (12,7,3,13), (4,8,5,6)
Starting
1110
(2,16,11,15), (9,13,3,8), (7,5,10,6), (4,14,12,1)
Starting
1009
(1,3,11,2), (16,10,8,4), (9,12,7,15), (13,5,6,14)
Starting
1080
(12,5,13,11), (3,15,4,6), (10,1,7,16), (2,9,8,14)
Starting
1013
(9,5,1,6), (15,4,8,3), (11,2,14,12), (13,10,16,7)
Starting
1045
(16,10,11,3), (2,9,8,4), (12,14,15,5), (6,7,13,1)
Starting
1023
(13,16,3,5), (14,12,8,2), (7,15,6,11), (10,1,4,9)
Starting
987
(4,5,15,1), (2,3,10,7), (8,12,11,9), (14,16,6,13)
Starting
1050
(1,5,3,7), (4,8,12,6), (15,11,10,16), (9,13,2,14)
Starting
1088
(10,9,6,3), (7,16,13,5), (1,2,8,12), (14,15,4,11)
Starting
1095
(11,6,12,10), (5,14,15,7), (3,4,1,13), (8,2,16,9)
Starting
1057
(8,2,10,15), (11,3,12,7), (5,4,9,6), (13,16,14,1)
Starting
1084
(6,3,13,10), (11,1,12,15), (5,2,16,9), (7,8,4,14)
Starting
1139
(6,4,3,13), (10,5,2,1), (8,11,9,12), (16,7,15,14)
Starting
1152
(14,1,15,16), (7,9,13,5), (2,10,11,3), (6,4,8,12)
Starting
1189
(14,13,11,12), (3,2,7,15), (10,16,1,4), (5,6,9,8)
Starting
1143
(15,12,8,6), (16,1,7,11), (5,13,14,3), (4,10,2,9)
Starting
1081
(2,4,12,3), (11,6,15,5), (16,1,7,8), (9,10,14,13)
Starting
1097
(12,1,4,15), (8,6,2,3), (13,16,7,5), (10,11,14,9)
Starting
1093
(4,1,6,5), (11,14,3,9), (8,15,7,2), (16,13,12,10)
Starting
1101
(9,5,10,14), (12,15,11,16), (3,13,2,6), (1,8,7,4)
Starting
1106
(14,13,4,5), (6,15,11,7), (2,12,10,8), (16,1,9,3)
Starting
1061
(3,14,2,8), (7,6,12,9), (10,5,4,1), (13,16,11,15)
Starting
1160
(16,6,2,1), (15,11,3,5), (4,10,13,8), (9,14,12,7)
Starting
1162
(8,14,11,5), (15,4,1,10), (13,7,2,9), (12,16,3,6)
Starting
1093
(16,1,9,11), (14,7,13,6), (10,5,8,2), (15,3,12,4)
Starting
1060
(14,13,11,8), (7,2,1,10), (3,12,6,9), (4,15,16,5)
Starting
1085
(4,6,14,13), (1,12,10,8), (2,3,11,9), (7,15,16,5)
Starting
1062
(6,1,8,5), (14,7,15,10), (16,3,4,9), (13,11,12,2)
Starting
1246
(7,12,15,8), (5,13,11,2), (6,3,14,9), (4,1,16,10)
Starting
1126
(9,8,1,3), (2,14,11,10), (16,4,7,15), (5,13,12,6)
Starting
1148
(16,13,11,14), (2,7,9,1), (6,3,4,15), (8,5,10,12)
Starting
1117
(16,7,1,3), (14,11,6,9), (15,4,10,5), (8,13,2,12)
Starting
1087
(4,10,8,5), (13,6,3,12), (1,14,15,11), (16,7,9,2)
Starting
1116
(5,10,6,16), (14,9,3,15), (8,11,12,2), (1,4,13,7)
Starting
1066
(5,11,9,4), (16,15,14,7), (12,1,10,2), (8,3,6,13)
Starting
965
(3,10,14,7), (15,13,9,5), (2,6,4,16), (1,12,11,8)
Starting
1141
(15,16,4,3), (11,12,10,13), (2,1,14,6), (9,5,7,8)
Starting
1047
(5,1,6,12), (9,7,13,8), (15,10,16,14), (2,3,4,11)
Starting
1112
(14,7,3,16), (11,5,2,9), (12,1,6,15), (4,10,8,13)
Starting
1131
(2,7,3,8), (1,4,9,12), (6,14,10,5), (16,11,13,15)
Starting
1048
(14,4,7,6), (2,16,3,13), (1,11,12,8), (5,9,15,10)
Starting
1056
(10,15,9,16), (3,6,12,2), (7,14,5,1), (4,13,11,8)
Starting
1159
(7,10,15,1), (12,9,11,8), (3,2,14,5), (16,13,6,4)
Starting
1074
(15,2,1,5), (16,3,8,13), (14,10,6,9), (11,12,7,4)
Starting
1191
(14,6,13,8), (4,5,10,11), (9,16,3,2), (12,1,15,7)
Starting
1091
(5,16,13,4), (9,3,15,6), (11,12,1,7), (2,10,8,14)
Starting
1154
(8,14,2,3), (7,4,13,10), (16,9,1,11), (15,5,6,12)
Starting
1113
(15,8,5,12), (4,16,6,13), (14,9,7,1), (10,3,11,2)
Starting
1079
(9,7,4,3), (12,16,6,2), (14,1,5,10), (15,8,13,11)
Starting
1095
(13,2,12,3), (16,1,6,5), (9,10,14,7), (11,15,4,8)
Starting
1116
(2,10,7,6), (4,14,16,3), (5,15,11,8), (12,1,13,9)
Starting
1044
(5,11,1,9), (2,4,15,14), (13,12,6,16), (3,7,10,8)
Starting
1048
(2,12,16,7), (9,8,15,13), (1,3,4,6), (10,5,14,11)
Starting
1122
(9,15,14,3), (10,1,5,8), (4,16,7,11), (6,13,12,2)
Starting
1079
(3,14,1,13), (6,8,4,11), (7,16,15,5), (10,2,9,12)
Starting
993
(7,5,1,10), (11,16,9,8), (14,15,12,13), (2,3,6,4)
Starting
1112
(3,8,11,6), (4,16,1,15), (5,7,13,12), (2,10,14,9)
Starting
1120
(14,8,13,10), (6,4,1,3), (16,9,11,2), (7,12,5,15)
Starting
1040
(9,1,2,4), (12,5,10,14), (3,13,8,7), (6,16,15,11)
Starting
1113
(13,14,12,4), (1,10,7,15), (9,8,5,2), (16,3,11,6)
Starting
1131
(12,7,4,5), (16,1,15,3), (9,2,14,10), (11,8,13,6)
Starting
1144
(2,9,7,6), (4,12,5,3), (10,13,1,16), (15,8,14,11)
Starting
1105
(7,16,14,15), (12,6,5,8), (9,1,13,3), (11,4,10,2)
Starting
1084
(7,12,8,5), (11,4,9,3), (6,16,15,2), (10,14,13,1)
Starting
1099
(4,5,1,14), (16,9,3,13), (10,2,7,11), (8,12,6,15)
Starting
1039
(15,12,4,1), (8,9,11,7), (10,16,13,14), (5,3,6,2)
Starting
1022
(16,11,6,1), (10,7,8,3), (14,12,9,15), (5,4,2,13)
Starting
1075
(4,14,9,13), (12,16,5,10), (2,11,6,8), (1,7,3,15)
Starting
982
(7,16,8,13), (14,12,11,10), (9,3,15,4), (5,1,6,2)
Starting
1001
(10,9,16,1), (3,8,12,11), (6,7,15,4), (5,2,14,13)
Starting
1126
(3,7,4,13), (8,5,2,11), (14,16,9,15), (6,10,1,12)
Starting
1023
(3,16,1,7), (5,4,11,14), (13,9,8,12), (15,10,2,6)
Starting
1098
(3,9,13,6), (4,12,1,14), (5,16,7,15), (10,2,11,8)
Starting
1056
(9,16,5,2), (7,15,3,1), (14,4,11,10), (8,12,6,13)
Starting
1097
(15,2,6,4), (13,12,10,7), (16,14,3,11), (8,5,1,9)
Starting
1180
(13,2,8,12), (14,16,11,10), (5,15,1,7), (6,4,3,9)
Starting
1052
(7,6,2,5), (13,9,15,12), (11,4,3,16), (14,8,1,10)
Starting
1095
(11,1,14,5), (12,7,4,8), (13,2,3,9), (6,16,10,15)
Starting
1105
(3,7,2,16), (5,14,12,1), (8,13,9,6), (15,10,11,4)
Starting
1131
(11,16,4,9), (2,15,10,8), (7,13,1,12), (6,5,3,14)
Starting
1011
(5,11,16,6), (7,3,8,15), (14,4,9,12), (1,13,10,2)
Starting
1039
(2,10,4,7), (8,16,6,9), (13,12,11,15), (14,5,1,3)
Starting
1034
(11,1,9,7), (8,4,15,16), (12,3,2,10), (13,6,5,14)
Starting
1220
(3,4,5,16), (6,1,7,15), (10,9,14,12), (8,11,2,13)
Starting
1052
(1,3,9,5), (14,7,2,8), (11,12,16,13), (15,6,4,10)
Starting
1018
(16,1,14,7), (4,6,12,2), (5,13,8,11), (15,3,9,10)
Starting
1022
(15,3,16,1), (12,11,9,8), (10,2,14,4), (5,13,6,7)
Starting
1047
(16,1,11,2), (13,14,9,12), (7,8,10,3), (5,6,4,15)
Starting
1065
(7,6,5,16), (10,9,3,14), (15,11,12,8), (2,1,13,4)
Starting
1079
(2,7,3,1), (4,8,10,9), (15,5,11,12), (16,14,6,13)
Starting
1048
(5,6,15,3), (4,8,7,9), (2,12,11,16), (13,10,1,14)
Starting
1080
(9,11,4,7), (5,8,1,10), (12,2,14,15), (3,16,6,13)
Starting
1019
(16,8,15,2), (10,4,13,12), (14,5,1,11), (7,6,3,9)
Starting
1019
(11,3,9,6), (4,12,14,2), (1,15,13,10), (5,7,16,8)
Starting
1147
(4,10,15,12), (9,3,13,6), (8,7,11,1), (5,16,14,2)
Starting
1112
(10,13,7,11), (1,3,9,2), (6,15,8,4), (14,16,5,12)
Starting
1023
(4,3,8,11), (16,1,15,7), (12,10,14,13), (9,5,6,2)
Starting
1021
(14,7,11,9), (13,3,1,15), (12,10,6,8), (4,16,5,2)
Starting
1059
(16,14,12,4), (13,6,11,9), (3,8,10,15), (7,5,1,2)
Starting
1036
(13,6,9,10), (3,15,16,12), (11,1,2,14), (5,4,7,8)
Starting
1174
(4,1,7,12), (15,2,3,5), (14,9,6,10), (16,11,8,13)
Starting
1091
(6,3,8,9), (15,13,1,16), (12,7,10,5), (11,2,14,4)
Starting
1140
(6,14,9,1), (11,2,15,10), (8,16,7,13), (5,4,3,12)
Starting
1070
(1,14,10,2), (8,6,16,5), (7,13,4,9), (3,15,11,12)
Starting
1062
(12,16,13,7), (6,14,9,3), (11,8,4,10), (5,1,15,2)
Starting
1157
(16,6,14,8), (13,7,9,10), (1,4,11,2), (12,15,3,5)
Starting
1030
(8,14,16,7), (11,15,13,6), (3,10,12,4), (2,5,1,9)
Starting
1198
(8,14,10,6), (12,1,3,9), (15,11,16,2), (7,4,13,5)
Starting
1018
(13,9,2,7), (14,15,12,10), (4,5,3,16), (1,6,8,11)
Starting
1092
(2,16,8,12), (4,9,7,6), (1,3,11,10), (15,14,13,5)
Starting
1082
(12,4,11,10), (5,6,8,13), (7,3,16,1), (15,9,14,2)
Starting
1118
(14,4,10,7), (5,2,13,1), (9,16,3,12), (15,11,6,8)
Starting
1177
(5,15,9,14), (8,13,7,10), (2,3,1,12), (6,11,4,16)
Starting
1114
(8,12,5,1), (3,2,4,9), (11,7,15,14), (13,16,6,10)
Starting
1175
(13,2,12,5), (15,1,11,9), (8,7,14,4), (3,16,10,6)
Starting
1106
(7,8,9,3), (5,16,2,13), (15,14,4,11), (12,6,1,10)
Starting
1094
(3,1,10,16), (5,8,7,15), (13,6,9,12), (2,14,11,4)
Starting
1157
(8,9,14,12), (3,2,1,15), (7,5,16,10), (11,4,6,13)
Starting
1120
(5,3,8,7), (13,11,4,10), (9,12,14,1), (2,16,6,15)
Starting
1154
(15,12,7,13), (2,11,1,6), (4,16,8,14), (5,3,9,10)
Starting
1039
(7,4,11,2), (3,1,12,16), (13,5,14,9), (10,15,6,8)
Starting
1238
(10,6,16,14), (9,1,13,15), (11,4,5,3), (2,12,7,8)
Starting
1025
(9,15,2,4), (3,10,1,8), (11,14,16,7), (5,6,12,13)
Starting
1121
(15,12,10,1), (11,16,8,6), (14,13,7,5), (9,4,2,3)
Starting
1063
(10,6,12,9), (15,1,14,3), (2,13,8,7), (4,5,11,16)
Starting
1171
(14,11,1,9), (5,8,7,4), (3,13,2,10), (12,16,6,15)
Starting
1136
(13,9,7,12), (6,4,2,10), (1,3,5,8), (14,11,16,15)
Starting
1037
(10,11,12,1), (16,2,3,5), (4,6,15,9), (8,7,13,14)
Starting
1078
(6,1,4,10), (13,8,16,12), (11,7,5,14), (2,3,9,15)
Starting
1063
(7,15,11,2), (13,6,4,10), (12,16,9,5), (3,8,1,14)
Starting
1063
(7,2,3,14), (5,9,8,13), (6,16,10,4), (11,15,1,12)
Starting
1102
(7,16,3,4), (1,12,13,5), (9,15,14,8), (10,6,11,2)
Starting
1111
(15,1,16,7), (2,4,5,12), (13,10,3,8), (6,9,14,11)
Starting
1062
(1,15,12,16), (4,2,9,8), (7,3,13,6), (14,10,11,5)
Starting
1104
(14,6,9,12), (11,16,4,15), (2,1,7,8), (3,10,13,5)
Starting
1101
(15,2,4,9), (5,12,3,13), (11,6,7,14), (8,1,10,16)
Starting
1019
(13,12,10,1), (6,2,9,14), (16,5,7,15), (8,4,3,11)
Starting
1021
(3,15,11,2), (14,6,1,4), (5,7,10,16), (13,12,9,8)
Starting
1054
(8,3,1,14), (13,4,7,2), (5,16,6,9), (15,10,11,12)
Starting
1026
(10,1,8,16), (4,5,6,13), (15,3,7,2), (11,12,9,14)
Starting
1036
(1,15,14,13), (16,10,7,4), (3,8,5,11), (12,2,6,9)
Starting
1168
(3,12,7,13), (10,1,4,8), (11,2,5,6), (15,16,14,9)
Starting
1109
(15,9,13,7), (3,16,11,10), (6,8,14,4), (5,1,2,12)
Starting
1035
(5,2,3,14), (15,6,1,7), (16,4,11,9), (12,8,10,13)
Starting
1200
(6,3,16,7), (9,2,11,4), (13,1,5,10), (15,14,12,8)
Starting
1075
(5,16,12,8), (2,13,10,11), (6,14,4,3), (1,9,7,15)
Starting
1074
(7,4,3,14), (1,16,9,13), (12,5,15,11), (2,8,10,6)
Starting
1087
(3,15,9,11), (4,7,2,8), (12,13,6,1), (5,10,16,14)
Starting
1111
(15,8,5,13), (14,1,2,16), (11,9,3,4), (7,6,12,10)
Starting
1104
(16,2,1,4), (3,15,13,6), (5,12,14,11), (8,10,7,9)
Starting
1083
(11,14,3,5), (2,13,8,1), (10,16,7,15), (4,6,9,12)
Starting
1057
(1,16,9,3), (10,2,5,13), (11,6,8,12), (15,14,4,7)
Starting
1120
(16,13,7,4), (10,12,15,6), (1,3,8,2), (14,5,11,9)
Starting
1179
(7,16,3,4), (9,8,13,6), (12,5,1,11), (10,2,15,14)
Starting
1101
(7,3,9,13), (5,16,8,11), (4,1,10,14), (15,2,6,12)
Starting
1077
(14,9,13,11), (10,15,12,8), (1,7,3,4), (2,16,6,5)
Starting
1149
(6,16,1,4), (11,3,7,14), (15,10,5,12), (2,13,9,8)
Starting
1184
(5,9,12,10), (6,7,13,2), (3,11,16,15), (8,1,4,14)
Starting
1044
(14,7,1,6), (9,16,13,3), (12,15,4,11), (5,8,10,2)
Starting
1060
(13,15,9,14), (4,2,8,7), (12,5,16,1), (11,3,10,6)
Starting
1012
(11,14,10,5), (16,6,13,2), (12,8,7,1), (3,9,4,15)
Starting
1069
(14,11,7,5), (4,8,3,12), (1,13,10,15), (6,2,16,9)
Starting
1049
(11,1,14,3), (7,13,6,2), (8,15,5,16), (9,12,10,4)
Starting
978
(13,12,4,8), (6,5,10,16), (3,14,7,9), (2,15,11,1)
Starting
1040
(7,9,11,6), (15,14,4,3), (2,13,8,10), (1,5,12,16)
Starting
1071
(15,11,1,13), (16,3,4,14), (2,6,10,12), (8,5,9,7)
Starting
1054
(14,15,5,3), (1,11,10,16), (7,2,12,13), (6,8,4,9)
Starting
1137
(10,2,16,6), (12,9,5,13), (14,11,15,4), (1,7,8,3)
Starting
1025
(5,11,15,10), (8,14,1,13), (6,12,9,3), (16,2,4,7)
Starting
1151
(6,2,11,14), (16,1,5,10), (13,7,4,8), (3,9,12,15)
Starting
1077
(13,1,11,12), (7,15,4,16), (6,3,9,14), (10,5,2,8)
Starting
1081
(11,8,10,16), (4,9,12,15), (6,2,1,3), (5,7,13,14)
Starting
1157
(10,15,13,8), (11,9,6,2), (3,7,5,12), (16,1,14,4)
Starting
1114
(14,11,3,6), (15,10,7,5), (13,1,9,2), (4,12,8,16)
Starting
1087
(14,5,11,6), (15,3,16,12), (4,7,9,1), (13,10,8,2)
Starting
1225
(16,15,14,6), (10,1,13,9), (7,11,12,2), (8,3,4,5)
Starting
1117
(15,9,5,10), (12,7,3,6), (2,13,1,8), (16,4,14,11)
Starting
1076
(16,11,3,14), (8,1,13,4), (12,10,15,9), (5,6,2,7)
Starting
1056
(5,7,11,13), (16,9,3,2), (4,8,10,14), (12,6,1,15)
Starting
1000
(16,9,4,2), (5,12,14,6), (1,8,3,13), (11,15,10,7)
Starting
984
(16,4,6,9), (12,8,15,10), (1,2,7,11), (14,3,13,5)
Starting
1036
(1,8,9,13), (3,4,5,11), (16,2,12,6), (15,7,14,10)
Starting
1072
(16,12,6,9), (5,1,15,11), (3,2,14,13), (4,8,10,7)
Starting
1164
(8,7,6,15), (12,5,1,11), (16,9,2,13), (3,4,14,10)
Starting
1196
(15,7,3,16), (4,14,2,11), (9,10,13,1), (12,8,6,5)
Starting
1093
(4,10,9,2), (5,14,8,7), (3,11,12,15), (1,16,13,6)
Starting
1000
(8,13,12,3), (2,16,15,7), (6,4,14,5), (1,9,11,10)
Starting
1033
(2,5,1,7), (4,14,6,13), (12,15,16,10), (3,11,9,8)
Starting
1124
(8,12,3,4), (7,15,1,14), (13,16,2,9), (10,6,5,11)
Starting
1107
(6,1,10,16), (14,3,4,12), (15,5,2,13), (11,9,7,8)
Starting
1179
(14,10,5,16), (9,1,15,12), (11,6,4,7), (8,13,2,3)
Starting
1096
(3,9,10,7), (4,6,5,2), (8,14,11,15), (1,16,13,12)
Starting
1175
(8,4,6,11), (14,13,15,7), (2,1,16,3), (12,5,9,10)
Starting
1113
(11,9,6,14), (13,8,3,5), (12,2,4,16), (7,10,15,1)
Starting
1017
(11,3,15,13), (5,14,12,6), (2,8,9,16), (4,1,10,7)
Starting
1221
(6,15,14,11), (4,5,1,3), (10,13,7,8), (16,2,9,12)
Starting
1081
(16,2,1,8), (14,15,10,12), (6,5,7,4), (11,3,13,9)
Starting
1044
(1,5,10,4), (7,2,14,16), (6,9,3,12), (11,13,8,15)
Starting
1124
(11,4,10,6), (2,12,9,15), (14,1,13,3), (8,5,7,16)
Starting
1033
(12,3,7,11), (8,16,9,4), (14,13,6,5), (2,15,10,1)
Starting
1136
(5,11,1,6), (15,7,2,3), (16,4,8,14), (12,9,10,13)
Starting
1075
(15,2,13,1), (4,14,8,9), (5,10,6,3), (16,11,7,12)
Starting
1055
(16,4,13,7), (9,10,3,5), (1,12,8,2), (6,15,14,11)
Starting
1078
(7,9,8,6), (16,14,5,12), (15,10,2,13), (4,3,11,1)
Starting
1029
(8,14,15,7), (16,1,12,13), (5,6,10,9), (3,2,4,11)
Starting
1036
(11,10,2,7), (6,9,14,4), (16,3,8,12), (13,1,15,5)
Starting
1022
(3,14,13,9), (15,5,16,7), (10,11,6,1), (2,8,12,4)
Starting
1035
(15,13,2,11), (7,5,8,14), (16,12,6,9), (10,4,3,1)
Starting
1127
(9,3,5,2), (4,16,11,8), (13,1,15,12), (6,14,10,7)
Starting
1073
(3,16,12,1), (9,8,2,5), (7,10,11,6), (4,14,13,15)
Starting
1091
(2,16,7,9), (3,15,4,12), (11,10,5,6), (14,8,13,1)
Starting
1046
(3,1,11,7), (8,4,12,10), (13,9,16,2), (6,15,5,14)
Starting
1058
(8,14,9,11), (1,15,12,10), (3,4,16,13), (7,6,2,5)
Starting
1085
(13,4,2,3), (6,9,11,5), (8,12,7,15), (14,1,10,16)
Starting
1060
(3,4,8,7), (1,10,9,11), (15,16,6,5), (2,12,14,13)
Starting
1165
(7,8,12,10), (11,1,13,6), (5,15,3,4), (2,14,16,9)
Starting
1166
(9,14,15,13), (11,1,2,16), (8,10,3,6), (5,12,7,4)
Starting
1044
(8,1,11,9), (16,13,4,2), (6,3,12,15), (5,14,7,10)
Starting
1109
(12,11,1,15), (14,10,3,6), (4,5,13,9), (16,7,8,2)
Starting
1189
(2,16,10,9), (12,3,1,14), (11,7,6,5), (4,13,15,8)
Starting
1136
(4,8,7,2), (12,10,5,14), (11,9,13,6), (15,3,1,16)
Starting
1181
(12,16,3,11), (7,9,5,2), (15,6,13,4), (8,1,10,14)
Starting
1154
(10,7,4,14), (16,11,9,6), (1,12,15,13), (2,3,5,8)
Starting
1108
(6,8,12,16), (15,13,11,3), (10,9,1,4), (2,14,7,5)
Starting
1006
(1,16,5,11), (12,4,13,14), (10,8,2,9), (3,15,6,7)
Starting
1053
(2,7,10,1), (9,4,5,11), (6,12,3,8), (15,13,14,16)
Starting
1175
(16,9,14,4), (1,3,7,11), (13,2,10,15), (5,6,12,8)
Starting
1198
(7,6,12,15), (16,1,2,4), (9,13,5,14), (8,11,10,3)
Starting
1024
(1,5,11,9), (3,12,13,10), (2,14,6,15), (16,4,7,8)
Starting
1061
(10,6,3,15), (2,9,14,8), (12,16,5,11), (4,1,7,13)
Starting
1132
(3,14,16,12), (1,15,4,9), (6,10,2,5), (13,8,11,7)
Starting
1073
(2,8,5,10), (14,1,15,7), (4,9,3,12), (11,6,16,13)
Starting
1158
(2,7,9,10), (11,5,6,4), (8,1,3,12), (16,13,15,14)
Starting
1175
(6,14,12,5), (11,2,13,9), (16,3,8,4), (10,7,15,1)
Starting
1181
(3,2,14,12), (7,1,16,15), (5,9,4,10), (8,6,13,11)
Starting
1159
(4,5,2,8), (11,10,9,6), (3,14,13,7), (15,12,16,1)
Starting
1098
(16,8,3,15), (2,6,14,9), (5,1,12,11), (7,13,4,10)
Starting
1156
(4,10,14,6), (5,7,13,15), (12,16,9,8), (3,11,1,2)
Starting
1074
(2,5,8,14), (3,7,16,1), (10,13,6,11), (9,12,15,4)
Starting
1090
(14,2,16,4), (11,1,10,5), (8,7,3,6), (9,13,15,12)
Starting
1024
(1,3,5,14), (16,4,13,7), (15,8,12,6), (10,11,2,9)
Starting
1047
(12,16,9,7), (4,5,2,11), (8,10,14,15), (6,13,3,1)
Starting
1028
(3,11,16,10), (13,6,9,4), (12,8,5,15), (2,1,14,7)
Starting
1156
(14,5,9,10), (12,15,2,7), (11,1,4,3), (16,6,13,8)
Starting
1085
(10,7,3,4), (2,16,5,14), (12,8,13,9), (11,6,15,1)
Starting
1047
(4,7,8,3), (6,16,15,5), (14,10,9,11), (13,1,12,2)
Starting
1053
(16,9,12,8), (6,14,13,10), (4,7,3,15), (2,11,1,5)
Starting
1000
(13,5,12,1), (10,3,2,6), (11,15,8,14), (4,16,7,9)
Starting
1135
(16,10,2,1), (14,4,5,9), (11,12,13,15), (3,6,7,8)
Starting
993
(5,1,14,4), (10,2,9,8), (3,12,7,16), (6,15,13,11)
Starting
1012
(1,11,8,6), (4,16,5,9), (7,13,14,12), (2,10,15,3)
Starting
1034
(7,3,11,13), (16,8,12,5), (15,9,10,1), (14,4,2,6)
Starting
1074
(8,5,10,9), (11,15,13,4), (16,6,2,3), (14,7,1,12)
Starting
1008
(16,2,15,9), (11,10,6,8), (5,13,12,3), (14,7,4,1)
Starting
1161
(12,3,10,16), (4,13,14,7), (9,5,6,15), (1,2,11,8)
Starting
1008
(11,3,6,5), (10,12,15,7), (8,1,16,9), (4,14,13,2)
Starting
1050
(1,12,11,9), (4,2,7,3), (6,14,15,13), (16,10,5,8)
Starting
993
(9,8,3,5), (11,15,10,14), (2,12,16,4), (1,7,6,13)
Starting
1064
(4,7,9,1), (10,11,14,5), (13,16,12,8), (3,6,15,2)
Starting
1071
(16,10,11,13), (6,9,14,4), (5,2,12,8), (1,15,7,3)
Starting
910
(11,3,9,5), (8,6,1,10), (12,2,15,13), (4,16,14,7)
882
(11,3,9,5), (8,6,1,10), (12,2,15,13), (4,16,14,7)
Starting
1107
(14,16,7,11), (15,5,4,12), (6,13,8,1), (2,9,3,10)
Starting
1063
(13,3,7,12), (1,5,6,14), (4,2,11,9), (16,8,10,15)
Starting
1081
(3,9,11,4), (1,5,7,14), (8,13,12,10), (15,16,6,2)
989
(3,9,11,4), (1,5,7,14), (8,13,12,10), (15,16,6,2)
933
(3,15,5,2), (13,4,14,11), (9,10,16,12), (7,6,8,1)
912
(11,16,14,6), (5,4,2,12), (10,8,15,9), (1,13,3,7)
843
(11,5,15,3), (10,4,8,9), (13,16,14,6), (1,2,12,7)
Starting
1112
(7,12,2,13), (6,8,15,3), (5,1,9,14), (11,4,16,10)
1007
(7,12,2,13), (6,8,15,3), (5,1,9,14), (11,4,16,10)
952
(6,9,1,14), (3,2,13,5), (15,12,7,10), (11,4,16,8)
896
(4,11,1,7), (9,5,8,16), (15,14,12,13), (3,10,6,2)
888
(5,15,10,2), (11,13,1,12), (3,6,8,14), (9,4,16,7)
881
(11,4,3,5), (16,1,6,9), (7,8,15,10), (14,13,2,12)
851
(8,7,4,1), (16,14,2,11), (10,12,6,15), (5,3,13,9)
831
(16,13,6,3), (7,14,12,9), (8,4,10,15), (11,2,1,5)
823
(9,15,5,13), (3,6,10,2), (11,12,7,1), (16,14,4,8)
Starting
1128
(4,12,10,15), (3,5,16,13), (7,6,11,14), (9,2,1,8)
1014
(4,12,10,15), (3,5,16,13), (7,6,11,14), (9,2,1,8)
944
(9,10,14,12), (3,5,16,2), (1,15,8,13), (7,6,4,11)
914
(13,3,7,14), (15,11,12,9), (8,5,16,6), (1,2,10,4)
912
(13,5,2,11), (6,16,9,12), (14,8,15,10), (7,1,4,3)
872
(2,3,9,1), (5,15,12,6), (11,7,8,16), (13,10,4,14)
863
(7,13,9,3), (14,6,2,5), (4,12,8,10), (11,1,16,15)
848
(1,10,7,5), (16,8,4,15), (14,12,6,13), (2,11,9,3)
Starting
1138
(3,15,12,10), (11,7,5,1), (14,2,13,4), (8,16,9,6)
1034
(3,15,12,10), (11,7,5,1), (14,2,13,4), (8,16,9,6)
949
(13,4,7,14), (6,2,3,5), (15,12,9,8), (1,11,10,16)
945
(5,12,6,2), (13,8,10,4), (14,15,11,9), (7,3,16,1)
933
(14,7,11,15), (9,1,3,12), (6,5,10,13), (4,8,16,2)
932
(5,11,3,14), (15,12,2,1), (16,8,6,10), (13,4,9,7)
922
(10,1,13,11), (2,3,16,14), (4,8,9,7), (6,12,15,5)
906
(1,9,2,7), (5,11,16,14), (10,15,6,4), (12,13,3,8)
885
(6,8,7,11), (4,16,12,14), (3,1,2,9), (10,5,15,13)
879
(1,7,10,5), (2,13,14,6), (8,4,15,11), (16,9,12,3)
Starting
996
(9,13,12,6), (15,4,10,5), (16,8,3,7), (11,1,14,2)
950
(9,13,12,6), (15,4,10,5), (16,8,3,7), (11,1,14,2)
949
(7,5,14,16), (1,11,10,13), (4,8,6,9), (2,15,3,12)
943
(10,16,13,12), (8,4,14,15), (6,2,3,5), (11,9,7,1)
918
(7,15,10,11), (2,14,12,3), (16,9,5,8), (13,4,6,1)
909
(5,8,3,9), (15,11,6,1), (7,12,14,13), (4,10,16,2)
904
(5,1,2,16), (10,15,6,13), (11,3,8,9), (4,12,14,7)
901
(11,10,5,2), (8,15,1,9), (4,14,6,13), (16,12,3,7)
Starting
1207
(2,15,12,8), (7,13,6,1), (16,11,4,9), (5,3,14,10)
1079
(2,15,12,8), (7,13,6,1), (16,11,4,9), (5,3,14,10)
1024
(4,9,1,5), (2,10,7,11), (13,3,8,16), (15,12,6,14)
957
(5,14,10,15), (1,9,2,16), (13,6,7,8), (11,12,4,3)
949
(3,14,5,13), (10,2,16,15), (8,12,4,1), (6,11,7,9)
937
(11,16,8,5), (9,6,4,12), (7,14,1,3), (2,13,10,15)
924
(11,5,9,12), (1,16,3,15), (14,2,6,8), (7,13,10,4)
904
(1,2,10,12), (3,5,15,13), (6,14,11,16), (7,9,8,4)
900
(5,10,15,13), (9,7,16,4), (1,8,12,2), (11,14,6,3)
896
(5,2,7,14), (9,15,12,3), (6,10,16,11), (13,1,4,8)
889
(11,2,7,1), (9,8,14,12), (3,4,6,10), (16,13,15,5)
853
(15,5,4,11), (10,12,6,9), (2,16,3,7), (1,8,13,14)
849
(7,13,1,11), (5,14,16,3), (8,10,6,9), (15,4,12,2)
837
(6,16,13,3), (4,8,12,9), (1,2,15,14), (11,10,5,7)
836
(5,15,7,11), (10,3,6,1), (16,12,9,14), (8,4,2,13)
Starting
1065
(10,3,15,5), (8,11,13,4), (6,16,2,1), (12,9,7,14)
986
(10,3,15,5), (8,11,13,4), (6,16,2,1), (12,9,7,14)
965
(13,8,4,9), (15,7,14,6), (2,1,12,16), (10,5,3,11)
963
(12,1,3,11), (5,7,16,8), (10,14,4,15), (9,6,13,2)
960
(7,12,4,10), (16,11,8,14), (13,15,6,2), (3,5,9,1)
929
(15,11,1,9), (7,14,13,12), (5,2,8,3), (6,10,16,4)
918
(13,11,16,14), (8,12,1,9), (3,4,6,5), (7,2,15,10)
900
(5,12,14,7), (2,8,6,11), (10,4,1,9), (15,16,3,13)
867
(16,14,2,7), (4,12,6,11), (3,8,15,13), (1,9,10,5)
Starting
1019
(7,6,14,4), (13,5,15,10), (11,3,8,1), (9,2,12,16)
959
(7,6,14,4), (13,5,15,10), (11,3,8,1), (9,2,12,16)
937
(4,10,15,2), (11,3,8,9), (14,5,6,12), (1,16,7,13)
910
(13,9,3,8), (11,10,6,16), (2,7,12,5), (1,14,4,15)
897
(11,5,15,3), (7,13,1,12), (14,4,10,9), (6,8,2,16)
895
(3,14,2,11), (10,12,16,13), (15,4,9,6), (5,8,1,7)
879
(15,6,12,4), (16,10,9,14), (3,5,8,7), (13,11,1,2)
877
(13,9,2,5), (11,6,12,14), (3,1,10,4), (7,15,16,8)
872
(15,14,7,11), (5,16,4,9), (10,8,6,3), (13,2,12,1)
846
(5,15,1,3), (10,7,12,9), (16,4,2,6), (13,14,8,11)
Starting
1195
(10,5,11,8), (12,7,3,14), (16,1,9,4), (13,6,15,2)
1062
(10,5,11,7), (12,8,3,14), (16,1,9,4), (13,6,15,2)
966
(10,5,11,7), (15,8,3,14), (16,1,9,4), (13,6,12,2)
921
(10,5,11,7), (15,8,16,14), (3,1,9,4), (13,6,12,2)
885
(10,5,11,7), (15,8,16,14), (3,12,9,4), (13,6,1,2)
861
(10,5,11,7), (15,9,16,14), (3,12,8,4), (13,6,1,2)
838
(5,10,11,7), (15,9,16,14), (3,12,8,4), (13,6,1,2)
826
(5,10,11,7), (15,6,16,14), (3,12,8,4), (13,9,1,2)
808
(5,10,2,7), (15,6,16,14), (3,12,8,4), (13,9,1,11)
802
(11,2,16,8), (5,10,12,4), (13,15,6,14), (1,3,9,7)
Starting
1067
(7,15,8,6), (14,12,4,3), (11,13,9,1), (2,10,16,5)
927
(7,16,8,6), (14,12,4,3), (11,13,9,1), (2,10,15,5)
859
(7,16,8,13), (14,12,4,3), (11,6,9,1), (2,10,15,5)
840
(7,16,8,13), (14,12,4,3), (2,6,9,1), (11,10,15,5)
832
(7,16,8,13), (14,12,4,1), (2,6,9,3), (11,10,15,5)
822
(7,16,8,13), (14,12,4,1), (2,6,10,3), (11,9,15,5)
814
(7,16,8,13), (14,12,4,1), (2,6,10,11), (3,9,15,5)
810
(5,10,16,2), (15,6,8,4), (3,9,12,14), (13,1,11,7)
802
(16,8,10,5), (4,12,6,15), (14,2,3,9), (7,13,11,1)