
96325
(33,17,47,19,63,53,24,43), (42,25,60,21,4,5,62,46), (16,52,38,28,1,56,34,61), (15,44,29,55,48,64,31,6), (10,14,50,11,45,35,54,32), (41,57,9,59,18,3,8,51), (37,2,22,49,30,58,20,27), (13,40,39,26,7,23,12,36)
93033
(33,17,47,19,63,53,24,43), (42,25,60,21,4,5,62,46), (16,52,38,28,36,56,34,61), (15,44,29,55,48,64,31,6), (10,14,50,11,45,35,54,32), (41,57,9,59,18,3,8,51), (37,2,22,49,30,58,20,27), (13,40,39,26,7,23,12,1)
89960
(33,17,47,19,63,53,24,43), (42,25,60,21,4,5,62,46), (16,52,38,28,36,56,34,61), (15,44,40,55,48,64,31,6), (10,14,50,11,45,35,54,32), (41,57,9,59,18,3,8,51), (37,2,22,49,30,58,20,27), (13,29,39,26,7,23,12,1)
87206
(33,17,47,19,63,53,24,43), (11,25,60,21,4,5,62,46), (16,52,38,28,36,56,34,61), (15,44,40,55,48,64,31,6), (10,14,50,42,45,35,54,32), (41,57,9,59,18,3,8,51), (37,2,22,49,30,58,20,27), (13,29,39,26,7,23,12,1)
84934
(33,17,47,19,63,53,24,43), (11,25,60,21,4,5,62,46), (20,52,38,28,36,56,34,61), (15,44,40,55,48,64,31,6), (10,14,50,42,45,35,54,32), (41,57,9,59,18,3,8,51), (37,2,22,49,30,58,16,27), (13,29,39,26,7,23,12,1)
82700
(33,17,47,19,63,53,59,43), (11,25,60,21,4,5,62,46), (20,52,38,28,36,56,34,61), (15,44,40,55,48,64,31,6), (10,14,50,42,45,35,54,32), (41,57,9,24,18,3,8,51), (37,2,22,49,30,58,16,27), (13,29,39,26,7,23,12,1)
80572
(33,17,47,19,63,53,59,43), (11,25,60,21,4,5,62,46), (20,30,38,28,36,56,34,61), (15,44,40,55,48,64,31,6), (10,14,50,42,45,35,54,32), (41,57,9,24,18,3,8,51), (37,2,22,49,52,58,16,27), (13,29,39,26,7,23,12,1)
79127
(33,17,47,19,63,53,59,43), (11,25,55,21,4,5,62,46), (20,30,38,28,36,56,34,61), (15,44,40,60,48,64,31,6), (10,14,50,42,45,35,54,32), (41,57,9,24,18,3,8,51), (37,2,22,49,52,58,16,27), (13,29,39,26,7,23,12,1)
77808
(33,17,47,19,63,53,59,43), (11,25,55,21,4,5,62,46), (20,30,38,28,36,56,34,61), (15,44,40,60,48,64,31,6), (10,14,50,42,45,35,54,32), (41,57,9,24,18,12,8,51), (37,2,22,49,52,58,16,27), (13,29,39,26,7,23,3,1)
76508
(33,5,47,19,63,53,59,43), (11,25,55,21,4,17,62,46), (20,30,38,28,36,56,34,61), (15,44,40,60,48,64,31,6), (10,14,50,42,45,35,54,32), (41,57,9,24,18,12,8,51), (37,2,22,49,52,58,16,27), (13,29,39,26,7,23,3,1)
75152
(33,5,47,19,35,53,59,43), (11,25,55,21,4,17,62,46), (20,30,38,28,36,56,34,61), (15,44,40,60,48,64,31,6), (10,14,50,42,45,63,54,32), (41,57,9,24,18,12,8,51), (37,2,22,49,52,58,16,27), (13,29,39,26,7,23,3,1)
74009
(33,5,47,19,35,53,59,43), (11,25,55,21,4,17,62,7), (20,30,38,28,36,56,34,61), (15,44,40,60,48,64,31,6), (10,14,50,42,45,63,54,32), (41,57,9,24,18,12,8,51), (37,2,22,49,52,58,16,27), (13,29,39,26,46,23,3,1)
73078
(33,5,47,19,35,53,59,43), (11,25,55,21,4,17,62,7), (20,30,38,28,36,56,34,61), (15,44,40,60,48,64,31,49), (10,14,50,42,45,63,54,32), (41,57,9,24,18,12,8,51), (37,2,22,6,52,58,16,27), (13,29,39,26,46,23,3,1)
72258
(41,5,47,19,35,53,59,43), (11,25,55,21,4,17,62,7), (20,30,38,28,36,56,34,61), (15,44,40,60,48,64,31,49), (10,14,50,42,45,63,54,32), (33,57,9,24,18,12,8,51), (37,2,22,6,52,58,16,27), (13,29,39,26,46,23,3,1)
71416
(41,5,47,19,35,53,59,43), (11,25,55,21,4,17,62,7), (20,50,38,28,36,56,34,61), (15,44,40,60,48,64,31,49), (10,14,30,42,45,63,54,32), (33,57,9,24,18,12,8,51), (37,2,22,6,52,58,16,27), (13,29,39,26,46,23,3,1)
70636
(41,5,47,19,35,53,59,43), (11,25,55,21,14,17,62,7), (20,50,38,28,36,56,34,61), (15,44,40,60,48,64,31,49), (10,4,30,42,45,63,54,32), (33,57,9,24,18,12,8,51), (37,2,22,6,52,58,16,27), (13,29,39,26,46,23,3,1)
69764
(41,5,47,19,35,53,59,43), (11,25,55,21,14,17,62,7), (20,50,38,28,42,56,34,61), (15,44,40,60,48,64,31,49), (10,4,30,36,45,63,54,32), (33,57,9,24,18,12,8,51), (37,2,22,6,52,58,16,27), (13,29,39,26,46,23,3,1)
69124
(41,5,47,19,35,53,59,43), (11,25,55,21,14,49,62,7), (20,50,38,28,42,56,34,61), (15,44,40,60,48,64,31,17), (10,4,30,36,45,63,54,32), (33,57,9,24,18,12,8,51), (37,2,22,6,52,58,16,27), (13,29,39,26,46,23,3,1)
68507
(41,5,47,19,35,53,59,43), (11,25,20,21,14,49,62,7), (55,50,38,28,42,56,34,61), (15,44,40,60,48,64,31,17), (10,4,30,36,45,63,54,32), (33,57,9,24,18,12,8,51), (37,2,22,6,52,58,16,27), (13,29,39,26,46,23,3,1)
67911
(41,5,47,19,35,53,59,43), (11,25,20,21,14,49,62,7), (55,50,38,28,42,56,34,61), (15,44,40,60,48,64,31,17), (10,4,30,36,45,63,54,32), (33,57,58,24,18,12,8,51), (37,2,22,6,52,9,16,27), (13,29,39,26,46,23,3,1)
67375
(41,5,47,19,35,53,59,43), (11,25,20,21,14,49,62,7), (55,50,38,28,42,56,34,61), (15,44,40,60,48,64,31,17), (10,22,30,36,45,63,54,32), (33,57,58,24,18,12,8,51), (37,2,4,6,52,9,16,27), (13,29,39,26,46,23,3,1)
67002
(41,5,47,10,35,53,59,43), (11,25,20,21,14,49,62,7), (55,50,38,28,42,56,34,61), (15,44,40,60,48,64,31,17), (19,22,30,36,45,63,54,32), (33,57,58,24,18,12,8,51), (37,2,4,6,52,9,16,27), (13,29,39,26,46,23,3,1)
66347
(41,5,47,10,35,53,59,43), (11,25,20,21,14,49,62,7), (55,50,15,28,42,56,34,61), (38,44,40,60,48,64,31,17), (19,22,30,36,45,63,54,32), (33,57,58,24,18,12,8,51), (37,2,4,6,52,9,16,27), (13,29,39,26,46,23,3,1)
65983
(41,5,47,10,35,53,59,43), (11,25,20,21,14,49,62,7), (55,50,15,28,42,56,34,61), (38,44,40,60,48,64,32,17), (19,22,30,36,45,63,54,31), (33,57,58,24,18,12,8,51), (37,2,4,6,52,9,16,27), (13,29,39,26,46,23,3,1)
65567
(41,5,47,10,35,53,59,43), (11,25,20,21,14,49,62,7), (55,50,15,28,42,56,16,61), (38,44,40,60,48,64,32,17), (19,22,30,36,45,63,54,31), (33,57,58,24,18,12,8,51), (37,2,4,6,52,9,34,27), (13,29,39,26,46,23,3,1)
65285
(41,5,47,10,35,53,59,43), (11,25,20,21,14,49,62,7), (55,50,15,28,42,56,16,61), (38,44,40,60,48,64,32,27), (19,22,30,36,45,63,54,31), (33,57,58,24,18,12,8,51), (37,2,4,6,52,9,34,17), (13,29,39,26,46,23,3,1)
64977
(41,5,47,10,35,53,59,43), (11,25,20,21,14,49,62,7), (55,50,15,28,42,56,16,61), (38,44,40,60,48,64,32,31), (19,22,30,36,45,63,54,27), (33,57,58,24,18,12,8,51), (37,2,4,6,52,9,34,17), (13,29,39,26,46,23,3,1)
64712
(41,5,47,10,35,53,59,43), (11,25,20,21,14,49,62,7), (55,50,15,28,42,56,16,61), (38,44,40,60,48,64,32,31), (19,22,30,45,36,63,54,27), (33,57,58,24,18,12,8,51), (37,2,4,6,52,9,34,17), (13,29,39,26,46,23,3,1)
64460
(41,5,47,10,35,7,59,43), (11,25,20,21,14,49,62,53), (55,50,15,28,42,56,16,61), (38,44,40,60,48,64,32,31), (19,22,30,45,36,63,54,27), (33,57,58,24,18,12,8,51), (37,2,4,6,52,9,34,17), (13,29,39,26,46,23,3,1)
64222
(41,5,47,10,35,7,59,43), (11,25,20,21,14,49,62,53), (55,50,15,28,42,56,16,61), (38,44,40,60,63,64,32,31), (19,22,30,45,36,48,54,27), (33,57,58,24,18,12,8,51), (37,2,4,6,52,9,34,17), (13,29,39,26,46,23,3,1)
63986
(41,5,47,10,35,7,59,43), (11,25,20,21,14,49,62,53), (55,50,15,28,42,56,16,61), (33,44,40,60,63,64,32,31), (19,22,30,45,36,48,54,27), (38,57,58,24,18,12,8,51), (37,2,4,6,52,9,34,17), (13,29,39,26,46,23,3,1)
63776
(41,5,47,10,35,7,59,43), (11,25,20,21,14,49,62,53), (55,50,15,28,42,56,16,61), (33,44,40,60,63,64,32,31), (19,22,30,45,36,48,54,27), (38,57,4,24,18,12,8,51), (37,2,58,6,52,9,34,17), (13,29,39,26,46,23,3,1)
63612
(41,5,47,10,35,7,59,43), (11,25,20,21,14,49,62,53), (55,50,15,28,42,56,16,61), (33,44,40,60,63,64,32,31), (19,22,30,45,36,48,54,27), (38,57,4,24,18,12,8,51), (37,2,58,52,6,9,34,17), (13,29,39,26,46,23,3,1)
63468
(41,5,47,10,35,7,59,43), (11,25,20,21,14,49,62,53), (55,50,15,28,42,56,16,61), (33,44,40,60,63,64,32,31), (19,22,30,45,36,48,54,27), (38,57,4,12,18,24,8,51), (37,2,58,52,6,9,34,17), (13,29,39,26,46,23,3,1)
63334
(41,5,47,10,35,7,59,43), (11,25,20,21,14,49,62,53), (55,50,15,28,42,56,16,61), (22,44,40,60,63,64,32,31), (19,33,30,45,36,48,54,27), (38,57,4,12,18,24,8,51), (37,2,58,52,6,9,34,17), (13,29,39,26,46,23,3,1)
63214
(41,5,47,10,35,7,31,43), (11,25,20,21,14,49,62,53), (55,50,15,28,42,56,16,61), (22,44,40,60,63,64,32,59), (19,33,30,45,36,48,54,27), (38,57,4,12,18,24,8,51), (37,2,58,52,6,9,34,17), (13,29,39,26,46,23,3,1)
63128
(41,5,47,10,35,7,31,43), (11,25,20,21,14,49,62,53), (55,50,15,28,42,56,16,61), (22,44,40,60,63,64,32,59), (19,33,30,45,36,48,8,27), (38,57,4,12,18,24,54,51), (37,2,58,52,6,9,34,17), (13,29,39,26,46,23,3,1)
62971
(41,5,47,10,35,7,31,43), (11,25,20,21,14,49,62,53), (55,50,15,28,42,56,16,61), (22,44,40,60,63,64,32,59), (19,33,30,45,36,48,8,34), (38,57,4,12,18,24,54,51), (37,2,58,52,6,9,27,17), (13,29,39,26,46,23,3,1)
62855
(41,5,47,10,35,7,31,43), (11,25,20,21,14,49,62,53), (55,50,15,28,42,56,16,61), (22,44,40,60,63,64,32,59), (19,33,30,45,24,48,8,34), (38,57,4,12,18,36,54,51), (37,2,58,52,6,9,27,17), (13,29,39,26,46,23,3,1)
62770
(41,5,47,10,35,7,31,43), (11,25,20,21,14,49,62,53), (55,50,40,28,42,56,16,61), (22,44,15,60,63,64,32,59), (19,33,30,45,24,48,8,34), (38,57,4,12,18,36,54,51), (37,2,58,52,6,9,27,17), (13,29,39,26,46,23,3,1)
62692
(41,5,47,10,35,7,31,43), (11,25,20,21,14,49,62,53), (55,50,40,28,42,56,16,61), (22,44,15,60,63,64,32,59), (19,33,30,45,24,48,8,34), (38,57,4,12,18,36,54,51), (37,2,58,52,6,9,27,17), (13,29,39,26,46,3,23,1)
62620
(41,5,47,10,35,7,31,43), (11,25,20,21,14,49,62,53), (55,50,40,28,42,56,16,61), (22,44,15,60,63,64,32,59), (19,33,30,45,24,48,8,34), (38,57,4,12,18,36,54,51), (37,2,58,52,6,9,27,17), (29,13,39,26,46,3,23,1)
62536
(41,5,47,10,35,7,31,43), (11,25,20,21,14,49,62,53), (55,50,40,28,42,56,16,61), (22,44,15,60,63,64,32,59), (19,33,30,45,24,48,8,34), (38,57,4,12,18,36,54,51), (37,58,2,52,6,9,27,17), (29,13,39,26,46,3,23,1)
62466
(41,5,47,10,35,7,31,43), (11,25,20,21,14,49,62,53), (55,50,40,28,42,56,16,61), (22,44,15,60,63,64,32,59), (19,33,30,45,24,48,8,34), (38,57,4,12,36,18,54,51), (37,58,2,52,6,9,27,17), (29,13,39,26,46,3,23,1)
62399
(41,5,47,10,35,7,31,43), (11,25,20,21,14,49,62,53), (55,50,40,28,42,56,16,61), (22,44,15,60,63,64,32,59), (19,33,30,45,24,48,8,34), (38,57,4,12,36,18,54,51), (37,58,2,52,6,9,27,17), (29,13,39,26,3,46,23,1)
62346
(41,5,47,10,35,7,31,43), (11,25,20,21,14,49,62,53), (55,50,40,28,42,56,16,61), (22,44,15,60,63,64,32,59), (38,33,30,45,24,48,8,34), (19,57,4,12,36,18,54,51), (37,58,2,52,6,9,27,17), (29,13,39,26,3,46,23,1)
62294
(41,47,5,10,35,7,31,43), (11,25,20,21,14,49,62,53), (55,50,40,28,42,56,16,61), (22,44,15,60,63,64,32,59), (38,33,30,45,24,48,8,34), (19,57,4,12,36,18,54,51), (37,58,2,52,6,9,27,17), (29,13,39,26,3,46,23,1)
62249
(41,47,5,10,35,7,31,43), (11,25,20,21,14,49,62,53), (55,50,40,28,42,56,16,61), (22,44,30,60,63,64,32,59), (38,33,15,45,24,48,8,34), (19,57,4,12,36,18,54,51), (37,58,2,52,6,9,27,17), (29,13,39,26,3,46,23,1)
62217
(41,47,5,10,35,7,31,43), (11,25,20,21,14,49,62,53), (55,50,40,28,42,56,8,61), (22,44,30,60,63,64,32,59), (38,33,15,45,24,48,16,34), (19,57,4,12,36,18,54,51), (37,58,2,52,6,9,27,17), (29,13,39,26,3,46,23,1)
62185
(41,47,5,10,35,7,31,43), (11,25,20,21,14,49,62,53), (55,50,40,28,42,56,8,61), (22,44,30,60,63,64,32,59), (38,33,15,45,24,48,16,34), (19,57,4,12,36,18,9,51), (37,58,2,52,6,54,27,17), (29,13,39,26,3,46,23,1)
62156
(41,47,5,10,35,7,31,43), (11,25,20,21,14,49,62,53), (55,50,40,28,42,56,8,61), (22,44,30,60,63,64,32,59), (38,33,15,45,24,48,16,34), (19,57,4,12,36,18,9,51), (37,58,2,52,6,54,27,17), (29,13,26,39,3,46,23,1)
62123
(41,47,5,10,35,7,31,43), (11,25,20,14,21,49,62,53), (55,50,40,28,42,56,8,61), (22,44,30,60,63,64,32,59), (38,33,15,45,24,48,16,34), (19,57,4,12,36,18,9,51), (37,58,2,52,6,54,27,17), (29,13,26,39,3,46,23,1)
62061
(41,47,5,14,35,7,31,43), (11,25,20,10,21,49,62,53), (55,50,40,28,42,56,8,61), (22,44,30,60,63,64,32,59), (38,33,15,45,24,48,16,34), (19,57,4,12,36,18,9,51), (37,58,2,52,6,54,27,17), (29,13,26,39,3,46,23,1)
61872
(41,47,5,49,35,7,31,43), (11,25,20,10,21,14,62,53), (55,50,40,28,42,56,8,61), (22,44,30,60,63,64,32,59), (38,33,15,45,24,48,16,34), (19,57,4,12,36,18,9,51), (37,58,2,52,6,54,27,17), (29,13,26,39,3,46,23,1)
61732
(41,47,5,35,49,7,31,43), (11,25,20,10,21,14,62,53), (55,50,40,28,42,56,8,61), (22,44,30,60,63,64,32,59), (38,33,15,45,24,48,16,34), (19,57,4,12,36,18,9,51), (37,58,2,52,6,54,27,17), (29,13,26,39,3,46,23,1)
61650
(41,47,5,35,49,7,31,43), (11,25,10,20,21,14,62,53), (55,50,40,28,42,56,8,61), (22,44,30,60,63,64,32,59), (38,33,15,45,24,48,16,34), (19,57,4,12,36,18,9,51), (37,58,2,52,6,54,27,17), (29,13,26,39,3,46,23,1)
61528
(41,47,5,35,49,7,31,43), (11,25,10,28,21,14,62,53), (55,50,40,20,42,56,8,61), (22,44,30,60,63,64,32,59), (38,33,15,45,24,48,16,34), (19,57,4,12,36,18,9,51), (37,58,2,52,6,54,27,17), (29,13,26,39,3,46,23,1)
61372
(41,47,5,35,49,7,31,43), (11,25,10,28,21,14,62,53), (55,50,20,40,42,56,8,61), (22,44,30,60,63,64,32,59), (38,33,15,45,24,48,16,34), (19,57,4,12,36,18,9,51), (37,58,2,52,6,54,27,17), (29,13,26,39,3,46,23,1)
61319
(41,47,5,35,49,7,31,43), (11,25,10,21,28,14,62,53), (55,50,20,40,42,56,8,61), (22,44,30,60,63,64,32,59), (38,33,15,45,24,48,16,34), (19,57,4,12,36,18,9,51), (37,58,2,52,6,54,27,17), (29,13,26,39,3,46,23,1)
61291
(41,47,5,35,49,7,31,43), (11,25,10,21,28,14,62,53), (55,50,20,40,42,56,8,61), (22,44,30,60,63,64,32,59), (38,33,15,45,24,48,16,34), (19,57,4,12,36,18,9,51), (29,58,2,52,6,54,27,17), (37,13,26,39,3,46,23,1)
61283
(41,47,5,35,49,7,31,43), (11,25,10,14,28,21,62,53), (55,50,20,40,42,56,8,61), (22,44,30,60,63,64,32,59), (38,33,15,45,24,48,16,34), (19,57,4,12,36,18,9,51), (29,58,2,52,6,54,27,17), (37,13,26,39,3,46,23,1)
61150
(11,22,33,55,34,51,3,17), (19,57,44,12,6,54,27,9), (38,39,16,48,36,18,45,15), (26,52,32,64,24,60,30,5), (13,4,8,42,40,20,10,25), (37,2,28,56,21,63,50,23), (59,62,58,14,49,35,46,43), (41,31,29,1,7,47,61,53)
61128
(11,22,33,55,34,51,3,17), (19,57,44,12,6,54,27,9), (38,39,16,48,36,18,45,15), (26,52,32,64,24,60,30,5), (13,4,8,42,40,20,10,25), (37,2,28,56,21,63,50,43), (59,62,58,14,49,35,46,23), (41,31,29,1,7,47,61,53)
61108
(11,22,33,55,34,51,3,17), (19,57,44,12,6,54,27,9), (38,39,16,48,36,18,45,15), (26,52,32,64,24,60,30,5), (13,4,8,42,40,20,50,25), (37,2,28,56,21,63,10,43), (59,62,58,14,49,35,46,23), (41,31,29,1,7,47,61,53)
61087
(23,41,19,62,31,17,1,37), (11,46,38,57,34,51,59,53), (22,44,33,6,54,27,58,29), (2,55,16,24,36,18,9,61), (4,64,32,48,12,45,3,47), (52,8,40,60,30,42,63,21), (26,39,20,56,28,15,14,7), (43,13,5,10,50,25,35,49)
61065
(41,23,19,62,31,17,1,37), (11,46,38,57,34,51,59,53), (22,44,33,6,54,27,58,29), (2,55,16,24,36,18,9,61), (4,64,32,48,12,45,3,47), (52,8,40,60,30,42,63,21), (26,39,20,56,28,15,14,7), (43,13,5,10,50,25,35,49)
61053
(41,23,19,62,31,17,1,37), (11,46,38,57,34,51,59,53), (22,44,33,6,54,27,58,29), (2,55,16,24,36,18,9,61), (4,64,32,48,12,45,3,47), (52,8,40,60,30,42,63,21), (26,39,20,56,28,15,14,7), (13,43,5,10,50,25,35,49)
61045
(13,19,38,39,57,1,53,47), (26,52,8,2,6,3,37,59), (64,32,48,24,18,9,27,41), (58,16,12,36,56,54,21,7), (29,44,4,60,28,42,63,49), (62,22,20,40,30,45,14,51), (31,46,33,10,50,15,34,17), (23,11,55,5,25,35,61,43)
60997
(13,19,38,39,57,1,53,47), (26,52,8,2,6,3,37,59), (64,32,48,24,18,9,27,41), (58,16,12,36,56,54,63,7), (29,44,4,60,28,42,21,49), (62,22,20,40,30,45,14,51), (31,46,33,10,50,15,34,17), (23,11,55,5,25,35,61,43)
60954
(13,19,38,2,57,1,53,47), (26,52,8,39,6,3,37,59), (64,32,48,24,18,9,27,41), (58,16,12,36,56,54,63,7), (29,44,4,60,28,42,21,49), (62,22,20,40,30,45,14,51), (31,46,33,10,50,15,34,17), (23,11,55,5,25,35,61,43)
60878
(13,2,38,19,57,1,53,47), (26,52,8,39,6,3,37,59), (64,32,48,24,18,9,27,41), (58,16,12,36,56,54,63,7), (29,44,4,60,28,42,21,49), (62,22,20,40,30,45,14,51), (31,46,33,10,50,15,34,17), (23,11,55,5,25,35,61,43)
60830
(13,26,38,19,57,1,53,47), (2,52,8,39,6,3,37,59), (64,32,48,24,18,9,27,41), (58,16,12,36,56,54,63,7), (29,44,4,60,28,42,21,49), (62,22,20,40,30,45,14,51), (31,46,33,10,50,15,34,17), (23,11,55,5,25,35,61,43)
60749
(13,26,38,19,57,1,53,47), (29,52,8,39,6,3,37,59), (64,32,48,24,18,9,27,41), (58,16,12,36,56,54,63,7), (2,44,4,60,28,42,21,49), (62,22,20,40,30,45,14,51), (31,46,33,10,50,15,34,17), (23,11,55,5,25,35,61,43)
60651
(13,26,38,19,57,1,53,47), (29,52,8,39,6,3,37,59), (58,32,48,24,18,9,27,41), (64,16,12,36,56,54,63,7), (2,44,4,60,28,42,21,49), (62,22,20,40,30,45,14,51), (31,46,33,10,50,15,34,17), (23,11,55,5,25,35,61,43)
60591
(13,26,38,19,57,1,53,47), (29,52,4,39,6,3,37,59), (58,32,48,24,18,9,27,41), (64,16,12,36,56,54,63,7), (2,44,8,60,28,42,21,49), (62,22,20,40,30,45,14,51), (31,46,33,10,50,15,34,17), (23,11,55,5,25,35,61,43)
60519
(13,26,38,19,57,1,53,47), (29,52,4,39,6,3,37,59), (58,32,48,12,18,9,27,41), (64,16,24,36,56,54,63,7), (2,44,8,60,28,42,21,49), (62,22,20,40,30,45,14,51), (31,46,33,10,50,15,34,17), (23,11,55,5,25,35,61,43)
60475
(13,26,38,19,57,1,53,47), (29,52,4,39,6,3,37,59), (58,32,48,12,18,9,27,41), (64,16,24,36,56,54,63,7), (2,44,8,60,28,42,21,49), (62,22,40,20,30,45,14,51), (31,46,33,10,50,15,34,17), (23,11,55,5,25,35,61,43)
60457
(13,26,38,19,57,1,53,47), (29,52,4,39,6,3,37,59), (58,32,48,12,18,27,9,41), (64,16,24,36,56,54,63,7), (2,44,8,60,28,42,21,49), (62,22,40,20,30,45,14,51), (31,46,33,10,50,15,34,17), (23,11,55,5,25,35,61,43)
60441
(13,26,38,19,57,1,53,47), (29,52,4,39,6,3,37,59), (58,16,48,12,18,27,9,41), (64,32,24,36,56,54,63,7), (2,44,8,60,28,42,21,49), (62,22,40,20,30,45,14,51), (31,46,33,10,50,15,34,17), (23,11,55,5,25,35,61,43)
60429
(13,26,39,19,57,1,53,47), (29,52,4,38,6,3,37,59), (58,16,48,12,18,27,9,41), (64,32,24,36,56,54,63,7), (2,44,8,60,28,42,21,49), (62,22,40,20,30,45,14,51), (31,46,33,10,50,15,34,17), (23,11,55,5,25,35,61,43)
60421
(13,26,39,19,57,1,53,47), (29,52,4,38,6,3,37,59), (58,16,24,12,18,27,9,41), (64,32,48,36,56,54,63,7), (2,44,8,60,28,42,21,49), (62,22,40,20,30,45,14,51), (31,46,33,10,50,15,34,17), (23,11,55,5,25,35,61,43)
60413
(13,26,39,19,57,1,53,47), (29,52,4,38,6,3,37,59), (58,16,8,12,18,27,9,41), (64,32,48,36,56,54,63,7), (2,44,24,60,28,42,21,49), (62,22,40,20,30,45,14,51), (31,46,33,10,50,15,34,17), (23,11,55,5,25,35,61,43)
60405
(13,26,39,19,57,1,53,47), (29,52,4,38,6,3,37,59), (58,16,64,12,18,27,9,41), (8,32,48,36,56,54,63,7), (2,44,24,60,28,42,21,49), (62,22,40,20,30,45,14,51), (31,46,33,10,50,15,34,17), (23,11,55,5,25,35,61,43)
60389
(13,26,39,19,57,1,53,47), (29,52,4,38,6,3,37,59), (58,64,16,12,18,27,9,41), (8,32,48,36,56,54,63,7), (2,44,24,60,28,42,21,49), (62,22,40,20,30,45,14,51), (31,46,33,10,50,15,34,17), (23,11,55,5,25,35,61,43)
60381
(13,26,39,19,57,1,53,47), (29,52,4,38,6,3,37,59), (58,64,16,12,18,27,9,41), (8,32,48,56,36,54,63,7), (2,44,24,60,28,42,21,49), (62,22,40,20,30,45,14,51), (31,46,33,10,50,15,34,17), (23,11,55,5,25,35,61,43)
60371
(47,61,11,31,55,5,43,41), (23,46,22,62,10,50,25,59), (29,58,44,33,20,30,15,35), (2,8,16,40,60,28,14,7), (4,64,32,56,42,45,21,49), (53,52,48,24,36,63,34,17), (13,26,38,12,18,54,27,51), (1,19,39,57,6,9,3,37)
60331
(47,61,11,31,55,5,43,41), (23,46,22,62,10,50,25,59), (29,58,44,33,20,30,15,35), (2,8,16,40,60,28,14,7), (4,64,32,56,42,45,21,49), (53,52,48,24,36,63,34,51), (13,26,38,12,18,54,27,17), (1,19,39,57,6,9,3,37)
60290
(47,61,11,31,55,5,43,41), (23,46,22,62,10,50,25,59), (29,58,44,33,20,30,15,35), (2,8,16,40,60,28,14,7), (4,64,32,56,42,45,21,49), (53,52,48,24,36,63,34,51), (13,26,39,12,18,54,27,17), (1,19,38,57,6,9,3,37)
60287
(47,61,11,31,55,5,43,41), (23,46,22,62,10,50,25,59), (29,58,44,33,20,30,15,35), (2,8,16,40,60,45,14,7), (4,64,32,56,42,28,21,49), (53,52,48,24,36,63,34,51), (13,26,39,12,18,54,27,17), (1,19,38,57,6,9,3,37)
60107
(47,61,11,31,55,5,43,41), (23,46,22,62,10,50,25,59), (29,58,44,33,20,30,15,35), (2,8,16,40,60,45,14,7), (4,64,32,56,28,42,21,49), (53,52,48,24,36,63,34,51), (13,26,39,12,18,54,27,17), (1,19,38,57,6,9,3,37)
60106
(47,61,11,31,55,5,43,41), (23,46,22,62,10,50,25,59), (29,58,44,33,20,30,15,35), (2,8,16,40,60,14,45,7), (4,64,32,56,28,42,21,49), (53,52,48,24,36,63,34,51), (13,26,39,12,18,54,27,17), (1,19,38,57,6,9,3,37)
60058
(47,61,11,31,55,5,43,41), (23,46,22,62,10,50,25,59), (29,58,44,33,20,14,15,35), (2,8,16,40,60,30,45,7), (4,64,32,56,28,42,21,49), (53,52,48,24,36,63,34,51), (13,26,39,12,18,54,27,17), (1,19,38,57,6,9,3,37)