
100000
(27,17,77,1,15,2,58,7,53), (56,60,81,48,76,38,16,40,52), (80,22,61,28,39,19,43,62,45), (34,79,36,64,6,42,54,72,33), (23,57,26,31,51,65,14,59,25), (8,41,63,68,46,55,66,11,21), (71,24,73,47,44,20,5,70,32), (13,69,35,29,18,10,30,78,37), (3,67,9,49,4,74,50,75,12)
100000
(12,20,80,53,44,75,68,48,78), (17,24,4,81,31,79,76,69,6), (54,65,43,15,7,37,2,19,51), (10,32,77,67,29,16,30,63,33), (46,74,61,11,25,72,41,39,5), (1,45,22,40,56,73,23,27,38), (70,18,35,50,55,52,3,21,59), (42,57,66,47,62,36,49,26,58), (13,9,60,34,8,14,28,64,71)
100000
(41,70,56,4,30,67,40,46,76), (50,72,26,32,69,60,17,59,37), (25,45,2,12,57,44,7,13,34), (80,19,61,20,73,14,65,47,68), (81,8,79,22,77,64,9,1,71), (36,39,62,52,43,29,54,27,42), (63,5,78,74,51,31,49,28,53), (66,23,18,16,48,10,6,3,75), (38,55,15,33,21,11,24,58,35)
100000
(77,28,46,3,44,27,67,9,25), (61,73,39,43,24,8,37,76,4), (72,56,35,30,1,69,18,19,51), (12,11,45,58,60,65,36,50,26), (15,81,20,64,29,33,57,74,6), (23,47,2,49,34,71,68,5,31), (54,59,7,78,32,42,62,17,63), (13,66,10,38,53,55,75,80,70), (52,22,41,40,48,79,14,16,21)
100000
(72,70,58,79,50,8,48,24,71), (36,6,27,13,12,26,41,31,7), (29,14,78,32,47,46,9,66,44), (40,23,10,57,75,54,28,19,4), (80,38,18,69,37,63,30,76,74), (21,42,65,61,39,64,55,59,15), (56,22,67,35,51,3,43,17,68), (77,81,33,11,16,34,20,62,49), (73,45,1,52,53,60,2,5,25)
100000
(22,20,45,79,40,62,35,41,13), (57,63,42,1,76,4,18,72,44), (67,15,59,61,60,39,36,38,74), (3,26,37,19,31,70,55,73,80), (75,5,27,32,28,58,34,68,12), (6,2,69,48,78,14,7,33,52), (11,47,21,29,71,64,17,81,54), (8,10,25,9,30,46,53,43,77), (24,65,66,16,23,51,56,50,49)
182337
(27,4,23,59,18,15,61,40,68), (28,30,1,63,7,3,56,38,78), (57,50,55,31,33,11,60,21,44), (37,67,13,70,42,58,6,22,66), (73,47,2,54,65,14,79,35,45), (10,26,41,5,69,76,48,51,81), (8,36,39,16,72,34,24,9,77), (53,17,20,49,46,32,64,80,71), (52,75,25,12,29,62,19,74,43)
177621
(27,4,23,59,18,15,61,40,68), (28,30,1,63,7,3,56,38,41), (57,50,55,31,33,11,60,21,44), (37,67,13,70,42,58,6,22,66), (73,47,2,54,65,14,79,35,45), (10,26,78,5,69,76,48,51,81), (8,36,39,16,72,34,24,9,77), (53,17,20,49,46,32,64,80,71), (52,75,25,12,29,62,19,74,43)
172883
(27,4,23,59,18,15,61,40,49), (28,30,1,63,7,3,56,38,41), (57,50,55,31,33,11,60,21,44), (37,67,13,70,42,58,6,22,66), (73,47,2,54,65,14,79,35,45), (10,26,78,5,69,76,48,51,81), (8,36,39,16,72,34,24,9,77), (53,17,20,68,46,32,64,80,71), (52,75,25,12,29,62,19,74,43)
168582
(27,4,23,59,18,15,61,40,49), (28,30,1,63,7,3,56,38,41), (74,50,55,31,33,11,60,21,44), (37,67,13,70,42,58,6,22,66), (73,47,2,54,65,14,79,35,45), (10,26,78,5,69,76,48,51,81), (8,36,39,16,72,34,24,9,77), (53,17,20,68,46,32,64,80,71), (52,75,25,12,29,62,19,57,43)
164688
(27,4,23,59,18,15,61,40,49), (28,30,1,63,7,3,56,77,41), (74,50,55,31,33,11,60,21,44), (37,67,13,70,42,58,6,22,66), (73,47,2,54,65,14,79,35,45), (10,26,78,5,69,76,48,51,81), (8,36,39,16,72,34,24,9,38), (53,17,20,68,46,32,64,80,71), (52,75,25,12,29,62,19,57,43)
160817
(27,4,23,59,18,15,61,79,49), (28,30,1,63,7,3,56,77,41), (74,50,55,31,33,11,60,21,44), (37,67,13,70,42,58,6,22,66), (73,47,2,54,65,14,40,35,45), (10,26,78,5,69,76,48,51,81), (8,36,39,16,72,34,24,9,38), (53,17,20,68,46,32,64,80,71), (52,75,25,12,29,62,19,57,43)
157913
(27,4,23,59,18,15,61,79,49), (28,30,1,63,7,3,56,77,41), (74,50,55,75,33,11,60,21,44), (37,67,13,70,42,58,6,22,66), (73,47,2,54,65,14,40,35,45), (10,26,78,5,69,76,48,51,81), (8,36,39,16,72,34,24,9,38), (53,17,20,68,46,32,64,80,71), (52,31,25,12,29,62,19,57,43)
155653
(27,4,23,59,18,15,61,79,49), (28,30,1,63,7,3,56,77,41), (74,50,55,75,33,11,60,21,44), (37,67,13,70,42,80,6,22,66), (73,47,2,54,65,14,40,35,45), (10,26,78,5,69,76,48,51,81), (8,36,39,16,72,34,24,9,38), (53,17,20,68,46,32,64,58,71), (52,31,25,12,29,62,19,57,43)
153452
(27,4,23,59,18,15,61,79,49), (28,30,1,63,7,3,56,77,41), (74,50,55,75,33,11,60,21,44), (37,67,13,70,42,80,6,22,66), (73,52,2,54,65,14,40,35,45), (10,26,78,5,69,76,48,51,81), (8,36,39,16,72,34,24,9,38), (53,17,20,68,46,32,64,58,71), (47,31,25,12,29,62,19,57,43)
151276
(27,4,25,59,18,15,61,79,49), (28,30,1,63,7,3,56,77,41), (74,50,55,75,33,11,60,21,44), (37,67,13,70,42,80,6,22,66), (73,52,2,54,65,14,40,35,45), (10,26,78,5,69,76,48,51,81), (8,36,39,16,72,34,24,9,38), (53,17,20,68,46,32,64,58,71), (47,31,23,12,29,62,19,57,43)
148943
(27,4,25,59,18,15,61,79,49), (5,30,1,63,7,3,56,77,41), (74,50,55,75,33,11,60,21,44), (37,67,13,70,42,80,6,22,66), (73,52,2,54,65,14,40,35,45), (10,26,78,28,69,76,48,51,81), (8,36,39,16,72,34,24,9,38), (53,17,20,68,46,32,64,58,71), (47,31,23,12,29,62,19,57,43)
147047
(61,4,25,59,18,15,27,79,49), (5,30,1,63,7,3,56,77,41), (74,50,55,75,33,11,60,21,44), (37,67,13,70,42,80,6,22,66), (73,52,2,54,65,14,40,35,45), (10,26,78,28,69,76,48,51,81), (8,36,39,16,72,34,24,9,38), (53,17,20,68,46,32,64,58,71), (47,31,23,12,29,62,19,57,43)
145338
(61,4,25,59,35,15,27,79,49), (5,30,1,63,7,3,56,77,41), (74,50,55,75,33,11,60,21,44), (37,67,13,70,42,80,6,22,66), (73,52,2,54,65,14,40,18,45), (10,26,78,28,69,76,48,51,81), (8,36,39,16,72,34,24,9,38), (53,17,20,68,46,32,64,58,71), (47,31,23,12,29,62,19,57,43)
143448
(61,4,25,59,35,15,27,79,49), (5,65,1,63,7,3,56,77,41), (74,50,55,75,33,11,60,21,44), (37,67,13,70,42,80,6,22,66), (73,52,2,54,30,14,40,18,45), (10,26,78,28,69,76,48,51,81), (8,36,39,16,72,34,24,9,38), (53,17,20,68,46,32,64,58,71), (47,31,23,12,29,62,19,57,43)
141848
(61,4,25,59,35,15,27,79,49), (5,65,1,63,7,3,56,77,41), (74,50,55,75,45,11,60,21,44), (37,67,13,70,42,80,6,22,66), (73,52,2,54,30,14,40,18,33), (10,26,78,28,69,76,48,51,81), (8,36,39,16,72,34,24,9,38), (53,17,20,68,46,32,64,58,71), (47,31,23,12,29,62,19,57,43)
140632
(61,4,25,59,35,15,27,79,49), (5,65,1,63,7,3,56,77,41), (74,50,55,75,45,11,60,21,44), (37,67,10,70,42,80,6,22,66), (73,52,2,54,30,14,40,18,33), (13,26,78,28,69,76,48,51,81), (8,36,39,16,72,34,24,9,38), (53,17,20,68,46,32,64,58,71), (47,31,23,12,29,62,19,57,43)
139435
(61,4,25,59,35,15,27,79,49), (5,65,1,63,7,3,56,77,41), (74,50,55,75,45,11,60,21,44), (37,67,10,70,42,80,6,22,66), (73,52,20,54,30,14,40,18,33), (13,26,78,28,69,76,48,51,81), (8,36,39,16,72,34,24,9,38), (53,17,2,68,46,32,64,58,71), (47,31,23,12,29,62,19,57,43)
138259
(61,4,25,59,35,15,27,79,49), (5,65,1,63,7,3,56,77,41), (74,50,55,75,45,11,60,21,44), (37,67,10,70,42,80,6,22,66), (73,52,20,54,30,14,40,18,33), (13,26,78,28,69,76,48,36,81), (8,51,39,16,72,34,24,9,38), (53,17,2,68,46,32,64,58,71), (47,31,23,12,29,62,19,57,43)
136843
(61,4,25,59,35,15,27,79,49), (5,65,1,63,7,3,56,77,41), (74,50,55,75,45,11,60,21,44), (37,67,10,70,42,80,6,22,66), (73,52,20,54,30,14,40,18,33), (13,26,78,28,69,76,48,36,81), (8,51,39,16,72,12,24,9,38), (53,17,2,68,46,32,64,58,71), (47,31,23,34,29,62,19,57,43)
135775
(61,4,25,59,35,55,27,79,49), (5,65,1,63,7,3,56,77,41), (74,50,15,75,45,11,60,21,44), (37,67,10,70,42,80,6,22,66), (73,52,20,54,30,14,40,18,33), (13,26,78,28,69,76,48,36,81), (8,51,39,16,72,12,24,9,38), (53,17,2,68,46,32,64,58,71), (47,31,23,34,29,62,19,57,43)
134705
(61,4,25,59,35,55,27,79,49), (5,65,1,63,7,3,11,77,41), (74,50,15,75,45,56,60,21,44), (37,67,10,70,42,80,6,22,66), (73,52,20,54,30,14,40,18,33), (13,26,78,28,69,76,48,36,81), (8,51,39,16,72,12,24,9,38), (53,17,2,68,46,32,64,58,71), (47,31,23,34,29,62,19,57,43)
133777
(61,4,25,59,35,55,27,79,49), (5,65,1,63,7,3,11,77,41), (74,50,15,75,45,56,14,21,44), (37,67,10,70,42,80,6,22,66), (73,52,20,54,30,60,40,18,33), (13,26,78,28,69,76,48,36,81), (8,51,39,16,72,12,24,9,38), (53,17,2,68,46,32,64,58,71), (47,31,23,34,29,62,19,57,43)
132951
(61,4,25,59,35,55,27,79,49), (5,65,1,63,7,3,11,77,41), (74,50,15,75,45,56,14,21,44), (37,67,10,70,42,80,6,22,66), (73,52,20,54,30,60,40,18,33), (13,26,78,28,69,76,48,36,81), (62,51,39,16,72,12,24,9,38), (53,17,2,68,46,32,64,58,71), (47,31,23,34,29,8,19,57,43)
132167
(61,4,25,59,35,55,27,79,49), (5,67,1,63,7,3,11,77,41), (74,50,15,75,45,56,14,21,44), (37,65,10,70,42,80,6,22,66), (73,52,20,54,30,60,40,18,33), (13,26,78,28,69,76,48,36,81), (62,51,39,16,72,12,24,9,38), (53,17,2,68,46,32,64,58,71), (47,31,23,34,29,8,19,57,43)
131425
(61,4,25,59,35,55,27,79,49), (5,67,1,63,7,3,11,77,41), (74,50,15,75,45,56,14,21,44), (37,65,10,70,42,80,6,22,66), (73,52,20,54,30,60,28,18,33), (13,26,78,40,69,76,48,36,81), (62,51,39,16,72,12,24,9,38), (53,17,2,68,46,32,64,58,71), (47,31,23,34,29,8,19,57,43)
130791
(61,4,25,59,35,55,27,79,49), (5,67,1,63,7,3,11,77,41), (74,50,15,75,45,56,14,21,44), (37,65,10,70,42,80,6,22,66), (73,52,20,54,30,60,28,18,33), (13,26,78,40,69,24,48,36,81), (62,51,39,16,72,12,76,9,38), (53,17,2,68,46,32,64,58,71), (47,31,23,34,29,8,19,57,43)
130217
(61,4,25,59,35,55,7,79,49), (5,67,1,63,27,3,11,77,41), (74,50,15,75,45,56,14,21,44), (37,65,10,70,42,80,6,22,66), (73,52,20,54,30,60,28,18,33), (13,26,78,40,69,24,48,36,81), (62,51,39,16,72,12,76,9,38), (53,17,2,68,46,32,64,58,71), (47,31,23,34,29,8,19,57,43)
129647
(61,4,25,59,35,55,7,79,49), (5,67,1,63,27,81,11,77,41), (74,50,15,75,45,56,14,21,44), (37,65,10,70,42,80,6,22,66), (73,52,20,54,30,60,28,18,33), (13,26,78,40,69,24,48,36,3), (62,51,39,16,72,12,76,9,38), (53,17,2,68,46,32,64,58,71), (47,31,23,34,29,8,19,57,43)
129080
(61,4,25,59,35,55,7,79,49), (5,67,1,63,27,81,11,77,41), (74,50,15,75,45,56,14,21,44), (37,65,10,70,42,80,6,22,66), (73,52,20,54,30,60,28,18,33), (13,26,78,40,72,24,48,36,3), (62,51,39,16,69,12,76,9,38), (53,17,2,68,46,32,64,58,71), (47,31,23,34,29,8,19,57,43)
128536
(61,1,25,59,35,55,7,79,49), (5,67,4,63,27,81,11,77,41), (74,50,15,75,45,56,14,21,44), (37,65,10,70,42,80,6,22,66), (73,52,20,54,30,60,28,18,33), (13,26,78,40,72,24,48,36,3), (62,51,39,16,69,12,76,9,38), (53,17,2,68,46,32,64,58,71), (47,31,23,34,29,8,19,57,43)
128084
(61,1,25,59,35,55,7,79,11), (5,67,4,63,27,81,49,77,41), (74,50,15,75,45,56,14,21,44), (37,65,10,70,42,80,6,22,66), (73,52,20,54,30,60,28,18,33), (13,26,78,40,72,24,48,36,3), (62,51,39,16,69,12,76,9,38), (53,17,2,68,46,32,64,58,71), (47,31,23,34,29,8,19,57,43)
127634
(61,1,25,59,35,55,7,79,11), (5,67,4,63,27,81,49,77,41), (74,50,15,75,45,56,14,21,44), (37,65,10,70,42,54,6,22,66), (73,52,20,80,30,60,28,18,33), (13,26,78,40,72,24,48,36,3), (62,51,39,16,69,12,76,9,38), (53,17,2,68,46,32,64,58,71), (47,31,23,34,29,8,19,57,43)
127218
(61,1,25,59,35,55,7,79,11), (5,67,4,63,27,81,49,77,41), (74,50,15,75,45,56,14,21,22), (37,65,10,70,42,54,6,44,66), (73,52,20,80,30,60,28,18,33), (13,26,78,40,72,24,48,36,3), (62,51,39,16,69,12,76,9,38), (53,17,2,68,46,32,64,58,71), (47,31,23,34,29,8,19,57,43)
126870
(61,1,25,59,35,55,7,79,11), (5,67,4,63,27,81,49,77,41), (74,50,15,75,45,56,14,21,22), (37,65,10,70,42,54,6,44,66), (73,52,20,80,30,60,28,18,33), (13,26,78,40,72,24,48,36,3), (62,51,39,16,69,12,76,9,29), (53,17,2,68,46,32,64,58,71), (47,31,23,34,38,8,19,57,43)
126558
(61,1,25,59,35,55,7,79,11), (5,67,4,81,27,63,49,77,41), (74,50,15,75,45,56,14,21,22), (37,65,10,70,42,54,6,44,66), (73,52,20,80,30,60,28,18,33), (13,26,78,40,72,24,48,36,3), (62,51,39,16,69,12,76,9,29), (53,17,2,68,46,32,64,58,71), (47,31,23,34,38,8,19,57,43)
126266
(61,1,25,59,35,55,7,79,11), (67,5,4,81,27,63,49,77,41), (74,50,15,75,45,56,14,21,22), (37,65,10,70,42,54,6,44,66), (73,52,20,80,30,60,28,18,33), (13,26,78,40,72,24,48,36,3), (62,51,39,16,69,12,76,9,29), (53,17,2,68,46,32,64,58,71), (47,31,23,34,38,8,19,57,43)
125983
(61,1,25,59,35,55,7,79,11), (67,5,4,81,27,63,49,77,41), (74,50,15,75,45,56,14,21,22), (37,65,10,70,42,54,6,44,66), (73,39,20,80,30,60,28,18,33), (13,26,78,40,72,24,48,36,3), (62,51,52,16,69,12,76,9,29), (53,17,2,68,46,32,64,58,71), (47,31,23,34,38,8,19,57,43)
125711
(61,1,25,59,35,55,7,79,11), (67,5,4,81,27,63,49,77,41), (73,50,15,75,45,56,14,21,22), (37,65,10,70,42,54,6,44,66), (74,39,20,80,30,60,28,18,33), (13,26,78,40,72,24,48,36,3), (62,51,52,16,69,12,76,9,29), (53,17,2,68,46,32,64,58,71), (47,31,23,34,38,8,19,57,43)
125464
(61,1,25,59,35,55,7,79,11), (67,5,4,81,27,63,49,77,41), (73,50,15,75,45,56,14,21,22), (37,65,10,70,42,54,6,44,66), (74,39,20,80,30,60,28,18,33), (13,26,78,40,72,24,48,36,3), (62,51,52,16,69,12,64,9,29), (53,17,2,68,46,32,76,58,71), (47,31,23,34,38,8,19,57,43)
125224
(61,1,25,59,35,49,7,79,11), (67,5,4,81,27,63,55,77,41), (73,50,15,75,45,56,14,21,22), (37,65,10,70,42,54,6,44,66), (74,39,20,80,30,60,28,18,33), (13,26,78,40,72,24,48,36,3), (62,51,52,16,69,12,64,9,29), (53,17,2,68,46,32,76,58,71), (47,31,23,34,38,8,19,57,43)
125004
(61,1,25,59,35,49,7,79,41), (67,5,4,81,27,63,55,77,11), (73,50,15,75,45,56,14,21,22), (37,65,10,70,42,54,6,44,66), (74,39,20,80,30,60,28,18,33), (13,26,78,40,72,24,48,36,3), (62,51,52,16,69,12,64,9,29), (53,17,2,68,46,32,76,58,71), (47,31,23,34,38,8,19,57,43)
124817
(61,1,25,59,35,49,7,79,41), (67,5,4,81,27,63,55,77,11), (73,50,15,75,45,56,14,21,22), (37,65,10,70,42,54,6,44,66), (74,39,20,80,30,60,28,18,33), (13,26,78,40,72,24,48,36,3), (62,51,52,16,69,12,64,9,29), (53,17,2,68,46,32,76,58,71), (47,31,23,34,8,38,19,57,43)
124633
(61,1,25,59,35,49,7,79,41), (67,5,4,81,27,63,55,77,11), (73,50,15,75,45,56,14,21,22), (37,65,10,70,42,54,66,44,6), (74,39,20,80,30,60,28,18,33), (13,26,78,40,72,24,48,36,3), (62,51,52,16,69,12,64,9,29), (53,17,2,68,46,32,76,58,71), (47,31,23,34,8,38,19,57,43)
124351
(61,1,25,59,35,49,7,79,41), (67,5,4,81,27,63,55,77,11), (73,50,15,75,45,56,14,21,22), (37,65,10,70,42,54,66,44,9), (74,39,20,80,30,60,28,18,33), (13,26,78,40,72,24,48,36,3), (62,51,52,16,69,12,64,6,29), (53,17,2,68,46,32,76,58,71), (47,31,23,34,8,38,19,57,43)
124153
(61,1,25,59,35,49,7,79,41), (67,5,4,81,27,63,55,77,11), (73,50,15,75,45,56,14,21,22), (37,65,10,70,42,54,66,44,33), (74,39,20,80,30,60,28,18,9), (13,26,78,40,72,24,48,36,3), (62,51,52,16,69,12,64,6,29), (53,17,2,68,46,32,76,58,71), (47,31,23,34,8,38,19,57,43)
123977
(61,1,25,59,35,49,7,79,41), (67,5,4,81,27,63,55,77,11), (73,50,15,75,45,42,14,21,22), (37,65,10,70,56,54,66,44,33), (74,39,20,80,30,60,28,18,9), (13,26,78,40,72,24,48,36,3), (62,51,52,16,69,12,64,6,29), (53,17,2,68,46,32,76,58,71), (47,31,23,34,8,38,19,57,43)
123743
(61,1,25,59,35,49,7,79,41), (67,5,4,81,27,63,55,77,11), (73,50,15,75,45,42,14,21,22), (37,65,10,70,60,54,66,44,33), (74,39,20,80,30,56,28,18,9), (13,26,78,40,72,24,48,36,3), (62,51,52,16,69,12,64,6,29), (53,17,2,68,46,32,76,58,71), (47,31,23,34,8,38,19,57,43)
123567
(61,1,25,59,35,49,7,79,41), (67,5,4,81,27,63,55,77,11), (73,50,15,75,45,42,14,21,22), (37,65,10,70,60,54,66,44,33), (74,39,20,80,30,56,28,18,9), (13,26,78,40,72,24,48,36,3), (62,51,52,16,69,12,64,6,29), (53,17,2,68,46,32,76,58,71), (47,31,23,34,8,38,57,19,43)
123405
(61,1,25,59,35,49,7,79,41), (67,5,4,81,27,63,55,77,11), (73,50,15,75,45,42,14,21,22), (37,65,10,70,60,54,66,44,33), (74,39,20,80,30,56,28,18,9), (13,26,78,40,72,24,48,36,3), (62,2,52,16,69,12,64,6,29), (53,17,51,68,46,32,76,58,71), (47,31,23,34,8,38,57,19,43)
123277
(61,1,25,59,35,49,7,79,41), (67,5,4,81,27,63,55,77,11), (73,50,15,75,45,42,14,21,22), (37,65,10,70,60,54,66,44,33), (74,39,20,80,30,56,28,18,9), (13,26,78,40,72,24,48,36,3), (62,2,52,16,69,12,64,6,29), (53,17,51,68,8,32,76,58,71), (47,31,23,34,46,38,57,19,43)
123157
(61,1,25,59,35,49,7,79,41), (67,5,4,81,27,63,55,77,11), (73,50,15,75,45,42,14,21,22), (37,65,10,70,60,54,66,44,33), (74,39,20,80,30,56,28,18,9), (13,26,78,40,72,24,48,36,3), (62,2,52,16,69,12,64,6,29), (31,17,51,68,8,32,76,58,71), (47,53,23,34,46,38,57,19,43)
123045
(61,1,25,59,35,49,7,79,41), (67,5,4,81,27,63,55,77,11), (73,50,15,75,70,42,14,21,22), (37,65,10,45,60,54,66,44,33), (74,39,20,80,30,56,28,18,9), (13,26,78,40,72,24,48,36,3), (62,2,52,16,69,12,64,6,29), (31,17,51,68,8,32,76,58,71), (47,53,23,34,46,38,57,19,43)
122935
(61,1,25,59,35,49,7,79,41), (67,5,4,81,27,63,55,77,11), (73,50,15,75,70,42,14,21,22), (37,65,10,45,60,54,66,44,33), (74,39,20,80,30,56,28,18,9), (13,26,78,40,72,24,48,36,3), (62,2,52,16,32,12,64,6,29), (31,17,51,68,8,69,76,58,71), (47,53,23,34,46,38,57,19,43)
122839
(61,1,25,59,35,49,7,79,41), (67,5,4,81,27,63,55,77,11), (73,50,15,75,70,42,14,21,22), (37,65,10,45,60,54,66,44,33), (74,39,20,80,30,56,28,18,9), (13,26,78,40,72,24,48,36,3), (62,2,52,16,32,12,64,6,29), (31,17,51,68,8,69,76,58,71), (47,53,34,23,46,38,57,19,43)
122757
(61,1,25,59,35,49,7,79,41), (67,5,50,81,27,63,55,77,11), (73,4,15,75,70,42,14,21,22), (37,65,10,45,60,54,66,44,33), (74,39,20,80,30,56,28,18,9), (13,26,78,40,72,24,48,36,3), (62,2,52,16,32,12,64,6,29), (31,17,51,68,8,69,76,58,71), (47,53,34,23,46,38,57,19,43)
122697
(61,1,25,59,35,49,7,79,41), (67,5,10,81,27,63,55,77,11), (73,4,15,75,70,42,14,21,22), (37,65,50,45,60,54,66,44,33), (74,39,20,80,30,56,28,18,9), (13,26,78,40,72,24,48,36,3), (62,2,52,16,32,12,64,6,29), (31,17,51,68,8,69,76,58,71), (47,53,34,23,46,38,57,19,43)
122623
(61,1,25,59,35,49,7,79,41), (67,5,10,81,27,63,55,77,11), (73,4,15,75,70,42,14,21,22), (37,65,50,45,30,54,66,44,33), (74,39,20,80,60,56,28,18,9), (13,26,78,40,72,24,48,36,3), (62,2,52,16,32,12,64,6,29), (31,17,51,68,8,69,76,58,71), (47,53,34,23,46,38,57,19,43)
122565
(61,1,25,59,35,49,7,79,41), (67,5,10,81,27,63,55,77,11), (73,4,15,75,70,42,14,21,22), (37,65,50,45,30,54,66,44,33), (74,39,20,80,60,56,28,18,9), (13,26,78,40,72,48,24,36,3), (62,2,52,16,32,12,64,6,29), (31,17,51,68,8,69,76,58,71), (47,53,34,23,46,38,57,19,43)
122493
(61,1,25,59,35,49,7,79,41), (67,5,10,81,27,63,55,77,11), (73,4,15,75,70,42,14,21,22), (37,65,50,45,30,54,66,44,33), (74,39,20,80,60,56,28,18,9), (13,26,78,40,72,48,24,36,3), (62,2,52,64,32,12,16,6,29), (31,17,51,68,8,69,76,58,71), (47,53,34,23,46,38,57,19,43)
122441
(61,1,59,25,35,49,7,79,41), (67,5,10,81,27,63,55,77,11), (73,4,15,75,70,42,14,21,22), (37,65,50,45,30,54,66,44,33), (74,39,20,80,60,56,28,18,9), (13,26,78,40,72,48,24,36,3), (62,2,52,64,32,12,16,6,29), (31,17,51,68,8,69,76,58,71), (47,53,34,23,46,38,57,19,43)
122407
(61,1,59,25,35,49,7,79,41), (67,5,10,81,27,63,55,77,11), (73,4,15,75,70,42,14,21,22), (37,65,50,45,30,54,66,44,33), (74,39,20,80,60,56,28,18,9), (13,26,78,40,72,48,24,12,3), (62,2,52,64,32,36,16,6,29), (31,17,51,68,8,69,76,58,71), (47,53,34,23,46,38,57,19,43)
122379
(61,1,59,25,35,49,7,79,41), (67,5,10,81,27,63,55,77,11), (73,4,15,75,70,42,14,21,22), (37,65,50,45,30,54,66,44,33), (74,39,20,80,60,56,28,18,9), (13,26,78,40,72,48,24,12,3), (62,2,52,64,32,36,16,6,71), (31,17,51,68,8,69,76,58,29), (47,53,34,23,46,38,57,19,43)
122306
(61,1,59,25,35,49,7,79,41), (67,5,10,81,27,63,55,77,11), (73,71,15,75,70,42,14,21,22), (37,65,50,45,30,54,66,44,33), (74,39,20,80,60,56,28,18,9), (13,26,78,40,72,48,24,12,3), (62,2,52,64,32,36,16,6,4), (31,17,51,68,8,69,76,58,29), (47,53,34,23,46,38,57,19,43)
122162
(61,1,59,71,35,49,7,79,41), (67,5,10,81,27,63,55,77,11), (73,25,15,75,70,42,14,21,22), (37,65,50,45,30,54,66,44,33), (74,39,20,80,60,56,28,18,9), (13,26,78,40,72,48,24,12,3), (62,2,52,64,32,36,16,6,4), (31,17,51,68,8,69,76,58,29), (47,53,34,23,46,38,57,19,43)
122122
(61,1,59,71,35,49,7,79,41), (67,5,25,81,27,63,55,77,11), (73,10,15,75,70,42,14,21,22), (37,65,50,45,30,54,66,44,33), (74,39,20,80,60,56,28,18,9), (13,26,78,40,72,48,24,12,3), (62,2,52,64,32,36,16,6,4), (31,17,51,68,8,69,76,58,29), (47,53,34,23,46,38,57,19,43)
122085
(61,1,59,71,35,49,7,79,41), (67,5,25,81,27,63,55,77,11), (73,10,15,75,70,42,14,21,33), (37,65,50,45,30,54,66,44,22), (74,39,20,80,60,56,28,18,9), (13,26,78,40,72,48,24,12,3), (62,2,52,64,32,36,16,6,4), (31,17,51,68,8,69,76,58,29), (47,53,34,23,46,38,57,19,43)
122056
(61,1,59,71,35,49,7,79,41), (67,5,25,81,27,63,55,77,11), (73,10,15,75,70,42,14,21,33), (37,65,50,45,30,54,66,44,22), (74,39,20,80,60,56,28,18,9), (13,26,78,40,72,48,24,12,3), (62,2,52,64,32,36,16,6,4), (31,17,51,68,69,8,76,58,29), (47,53,34,23,46,38,57,19,43)
122038
(61,1,59,71,35,49,7,79,41), (67,5,25,81,27,63,55,77,11), (73,10,15,45,70,42,14,21,33), (37,65,50,75,30,54,66,44,22), (74,39,20,80,60,56,28,18,9), (13,26,78,40,72,48,24,12,3), (62,2,52,64,32,36,16,6,4), (31,17,51,68,69,8,76,58,29), (47,53,34,23,46,38,57,19,43)
122028
(61,1,59,71,35,49,7,79,41), (67,5,25,81,27,63,55,77,11), (73,10,15,45,70,42,14,21,33), (37,65,50,75,30,54,66,44,22), (74,39,20,80,60,56,28,18,9), (13,26,78,40,72,48,24,12,3), (62,2,52,64,32,36,16,6,4), (31,17,51,68,69,8,57,58,29), (47,53,34,23,46,38,76,19,43)
121952
(61,1,59,71,35,49,7,79,41), (67,5,25,81,27,63,55,77,11), (73,10,15,45,70,42,14,21,33), (37,65,50,75,30,54,66,44,22), (74,39,20,80,60,56,28,18,9), (13,26,78,40,72,48,24,12,3), (62,2,52,64,32,36,16,6,4), (31,17,51,68,69,8,57,58,29), (47,53,34,23,46,76,38,19,43)
121949
(61,1,59,71,35,49,7,79,41), (67,5,25,81,27,63,55,77,11), (73,10,15,45,70,42,21,14,33), (37,65,50,75,30,54,66,44,22), (74,39,20,80,60,56,28,18,9), (13,26,78,40,72,48,24,12,3), (62,2,52,64,32,36,16,6,4), (31,17,51,68,69,8,57,58,29), (47,53,34,23,46,76,38,19,43)
121925
(43,1,47,29,9,3,13,73,67), (53,11,58,33,65,81,39,57,19), (61,55,22,15,45,66,27,26,38), (25,77,75,44,30,54,78,52,76), (5,21,63,42,60,72,36,18,51), (7,10,70,20,80,48,24,6,34), (49,35,50,56,40,32,12,68,17), (37,74,14,28,69,64,16,4,31), (71,59,41,23,46,8,2,62,79)
121890
(43,1,47,29,9,3,13,73,67), (53,11,58,33,65,81,39,57,19), (61,55,22,15,66,45,27,26,38), (25,77,75,44,30,54,78,52,76), (5,21,63,42,60,72,36,18,51), (7,10,70,20,80,48,24,6,34), (49,35,50,56,40,32,12,68,17), (37,74,14,28,69,64,16,4,31), (71,59,41,23,46,8,2,62,79)
121859
(43,1,47,29,9,3,13,73,67), (53,11,33,58,65,81,39,57,19), (61,55,22,15,66,45,27,26,38), (25,77,75,44,30,54,78,52,76), (5,21,63,42,60,72,36,18,51), (7,10,70,20,80,48,24,6,34), (49,35,50,56,40,32,12,68,17), (37,74,14,28,69,64,16,4,31), (71,59,41,23,46,8,2,62,79)
121829
(43,1,47,29,9,3,13,73,67), (53,11,33,58,65,81,39,57,19), (61,55,22,15,66,45,27,26,38), (25,77,75,44,30,54,78,52,76), (5,21,63,42,60,72,36,18,51), (7,10,70,20,80,48,24,6,34), (49,35,50,56,40,32,12,68,17), (37,74,14,28,69,64,16,62,31), (71,59,41,23,46,8,2,4,79)
121812
(43,1,47,29,9,3,13,73,67), (53,11,33,58,65,81,39,57,19), (61,55,22,15,66,45,27,26,38), (25,77,75,44,30,54,78,52,76), (5,21,63,42,60,72,36,18,51), (7,10,70,20,80,48,24,6,34), (49,35,50,56,40,12,32,68,17), (37,74,14,28,69,64,16,62,31), (71,59,41,23,46,8,2,4,79)
121804
(43,1,47,29,9,3,13,73,67), (53,11,33,58,65,81,39,57,19), (61,55,22,15,66,45,27,26,38), (25,77,75,44,30,54,78,52,76), (5,10,63,42,60,72,36,18,51), (7,21,70,20,80,48,24,6,34), (49,35,50,56,40,12,32,68,17), (37,74,14,28,69,64,16,62,31), (71,59,41,23,46,8,2,4,79)
121798
(73,53,39,13,26,75,65,61,59), (67,3,6,78,52,15,10,5,29), (9,81,18,45,30,40,20,58,25), (27,54,24,72,60,80,33,50,55), (57,12,36,48,42,66,70,35,11), (69,76,63,64,32,56,44,22,2), (19,38,16,8,21,28,14,77,43), (23,46,4,74,51,68,7,79,47), (71,31,62,37,34,49,17,41,1)
121722
(73,53,39,13,26,75,65,61,59), (67,3,6,78,52,15,10,5,29), (9,81,18,45,30,40,20,58,25), (27,54,24,72,60,80,33,50,55), (57,12,36,48,42,66,70,35,11), (69,76,63,64,32,56,44,22,2), (19,38,16,8,21,28,14,77,43), (23,46,4,74,51,68,7,79,47), (71,31,62,37,34,17,49,41,1)
121614
(73,53,39,13,26,75,65,61,59), (67,3,6,78,52,15,10,5,29), (9,81,18,45,30,40,20,58,25), (27,54,24,72,60,80,33,50,55), (57,12,36,48,42,66,70,35,11), (69,76,63,64,32,56,44,22,2), (19,38,16,8,21,28,14,77,43), (23,46,4,74,51,68,7,49,47), (71,31,62,37,34,17,79,41,1)
121554
(73,53,39,13,26,75,65,61,59), (67,3,6,78,52,15,10,5,29), (9,81,18,45,30,40,20,58,25), (27,54,24,72,60,80,33,50,55), (57,12,36,48,42,66,70,35,11), (69,76,32,64,63,56,44,22,2), (19,38,16,8,21,28,14,77,43), (23,46,4,74,51,68,7,49,47), (71,31,62,37,34,17,79,41,1)
121526
(73,53,39,13,26,75,65,61,59), (67,3,6,78,52,15,10,5,29), (9,81,18,45,30,40,20,58,25), (27,54,24,72,60,80,33,50,55), (57,12,36,48,42,66,70,35,11), (69,76,32,64,63,56,44,22,77), (19,38,16,8,21,28,14,2,43), (23,46,4,74,51,68,7,49,47), (71,31,62,37,34,17,79,41,1)
121446
(73,53,39,13,26,75,65,61,59), (67,3,6,78,52,15,10,5,29), (9,81,18,45,30,40,20,58,25), (27,54,24,72,60,80,33,50,55), (57,12,36,48,42,66,70,35,11), (69,76,32,64,63,56,44,22,77), (19,38,16,8,21,28,14,7,43), (23,46,4,74,51,68,2,49,47), (71,31,62,37,34,17,79,41,1)
121419
(73,53,39,13,26,75,65,61,59), (67,3,6,78,52,15,10,5,29), (9,81,18,45,30,40,20,58,25), (27,54,24,72,60,80,33,50,55), (57,12,36,48,63,66,70,35,11), (69,76,32,64,42,56,44,22,77), (19,38,16,8,21,28,14,7,43), (23,46,4,74,51,68,2,49,47), (71,31,62,37,34,17,79,41,1)
121395
(73,53,39,13,26,75,65,61,59), (67,3,27,78,52,15,10,5,29), (9,81,18,45,30,40,20,58,25), (6,54,24,72,60,80,33,50,55), (57,12,36,48,63,66,70,35,11), (69,76,32,64,42,56,44,22,77), (19,38,16,8,21,28,14,7,43), (23,46,4,74,51,68,2,49,47), (71,31,62,37,34,17,79,41,1)
121329
(73,53,39,13,26,75,65,61,59), (67,3,27,78,45,15,10,5,29), (9,81,18,52,30,40,20,58,25), (6,54,24,72,60,80,33,50,55), (57,12,36,48,63,66,70,35,11), (69,76,32,64,42,56,44,22,77), (19,38,16,8,21,28,14,7,43), (23,46,4,74,51,68,2,49,47), (71,31,62,37,34,17,79,41,1)
121239
(73,53,39,13,26,75,65,61,59), (67,3,27,78,45,15,10,5,29), (9,81,54,52,30,40,20,58,25), (6,18,24,72,60,80,33,50,55), (57,12,36,48,63,66,70,35,11), (69,76,32,64,42,56,44,22,77), (19,38,16,8,21,28,14,7,43), (23,46,4,74,51,68,2,49,47), (71,31,62,37,34,17,79,41,1)
121221
(73,53,13,39,26,75,65,61,59), (67,3,27,78,45,15,10,5,29), (9,81,54,52,30,40,20,58,25), (6,18,24,72,60,80,33,50,55), (57,12,36,48,63,66,70,35,11), (69,76,32,64,42,56,44,22,77), (19,38,16,8,21,28,14,7,43), (23,46,4,74,51,68,2,49,47), (71,31,62,37,34,17,79,41,1)
121201
(73,53,13,39,26,65,75,61,59), (67,3,27,78,45,15,10,5,29), (9,81,54,52,30,40,20,58,25), (6,18,24,72,60,80,33,50,55), (57,12,36,48,63,66,70,35,11), (69,76,32,64,42,56,44,22,77), (19,38,16,8,21,28,14,7,43), (23,46,4,74,51,68,2,49,47), (71,31,62,37,34,17,79,41,1)
121183
(73,53,13,39,26,65,75,61,59), (67,3,27,52,45,15,10,5,29), (9,81,54,78,30,40,20,58,25), (6,18,24,72,60,80,33,50,55), (57,12,36,48,63,66,70,35,11), (69,76,32,64,42,56,44,22,77), (19,38,16,8,21,28,14,7,43), (23,46,4,74,51,68,2,49,47), (71,31,62,37,34,17,79,41,1)
121165
(73,53,13,39,26,65,75,61,59), (67,3,27,52,45,15,10,5,29), (9,81,54,78,30,40,20,58,25), (6,18,24,72,60,80,33,50,55), (57,12,36,48,63,66,70,35,11), (38,76,32,64,42,56,44,22,77), (19,69,16,8,21,28,14,7,43), (23,46,4,74,51,68,2,49,47), (71,31,62,37,34,17,79,41,1)
121152
(73,53,13,39,26,65,75,61,59), (67,3,27,52,45,15,10,5,29), (9,81,54,78,30,40,20,58,25), (6,18,24,72,60,80,50,33,55), (57,12,36,48,63,66,70,35,11), (38,76,32,64,42,56,44,22,77), (19,69,16,8,21,28,14,7,43), (23,46,4,74,51,68,2,49,47), (71,31,62,37,34,17,79,41,1)
121051
(73,53,13,39,26,65,75,61,59), (67,3,27,52,45,15,10,5,29), (9,81,54,78,30,40,50,58,25), (6,18,24,72,60,80,20,33,55), (57,12,36,48,63,66,70,35,11), (38,76,32,64,42,56,44,22,77), (19,69,16,8,21,28,14,7,43), (23,46,4,74,51,68,2,49,47), (71,31,62,37,34,17,79,41,1)
121035
(73,53,13,39,26,65,75,61,59), (67,3,27,52,45,15,10,5,29), (9,81,54,78,30,40,50,58,25), (6,18,24,72,60,80,20,33,55), (57,12,36,48,63,66,70,35,11), (38,76,32,64,42,21,44,22,77), (19,69,16,8,56,28,14,7,43), (23,46,4,74,51,68,2,49,47), (71,31,62,37,34,17,79,41,1)
121025
(73,53,13,39,26,65,75,61,59), (67,3,27,52,45,15,10,5,29), (9,81,54,78,30,40,50,58,25), (6,18,24,72,60,80,20,35,55), (57,12,36,48,63,66,70,33,11), (38,76,32,64,42,21,44,22,77), (19,69,16,8,56,28,14,7,43), (23,46,4,74,51,68,2,49,47), (71,31,62,37,34,17,79,41,1)
121021
(73,53,13,39,26,65,75,25,59), (67,3,27,52,45,15,10,5,29), (9,81,54,78,30,40,50,58,61), (6,18,24,72,60,80,20,35,55), (57,12,36,48,63,66,70,33,11), (38,76,32,64,42,21,44,22,77), (19,69,16,8,56,28,14,7,43), (23,46,4,74,51,68,2,49,47), (71,31,62,37,34,17,79,41,1)
120993
(73,53,13,39,26,65,75,25,59), (67,3,27,52,45,15,10,5,61), (9,81,54,78,30,40,50,58,29), (6,18,24,72,60,80,20,35,55), (57,12,36,48,63,66,70,33,11), (38,76,32,64,42,21,44,22,77), (19,69,16,8,56,28,14,7,43), (23,46,4,74,51,68,2,49,47), (71,31,62,37,34,17,79,41,1)